0.000000e+00 -1.211994e+00
2.207207e-02 -1.210848e+00
4.414414e-02 -1.207413e+00
6.621622e-02 -1.201700e+00
8.828829e-02 -1.193727e+00
1.103604e-01 -1.183520e+00
1.324324e-01 -1.171111e+00
1.545045e-01 -1.156540e+00
1.765766e-01 -1.139854e+00
1.986486e-01 -1.121106e+00
2.207207e-01 -1.100359e+00
2.427928e-01 -1.077678e+00
2.648649e-01 -1.053139e+00
2.869369e-01 -1.026823e+00
3.090090e-01 -9.988171e-01
3.310811e-01 -9.692152e-01
3.531532e-01 -9.381176e-01
3.752252e-01 -9.056303e-01
3.972973e-01 -8.718653e-01
4.193694e-01 -8.369405e-01
4.414414e-01 -8.009789e-01
4.635135e-01 -7.641090e-01
4.855856e-01 -7.264644e-01
5.076577e-01 -6.881833e-01
5.297297e-01 -6.494088e-01
5.518018e-01 -6.102881e-01
5.738739e-01 -5.709727e-01
5.959459e-01 -5.316180e-01
6.180180e-01 -4.923828e-01
6.400901e-01 -4.534297e-01
6.621622e-01 -4.149241e-01
6.842342e-01 -3.770344e-01
7.063063e-01 -3.399318e-01
7.283784e-01 -3.037898e-01
7.504505e-01 -2.687842e-01
7.725225e-01 -2.350927e-01
7.945946e-01 -2.028951e-01
8.166667e-01 -1.723725e-01
8.387387e-01 -1.437076e-01
8.608108e-01 -1.170844e-01
8.828829e-01 -9.268802e-02
9.049550e-01 -7.070450e-02
9.270270e-01 -5.132090e-02
9.490991e-01 -3.472503e-02
9.711712e-01 -2.110545e-02
9.932432e-01 -1.065140e-02
1.015315e+00 -3.552740e-03
1.037387e+00 0.000000e+00
1.059459e+00 -1.843356e-04
1.081532e+00 -4.297587e-03
1.103604e+00 -1.253233e-02
1.125676e+00 -2.508196e-02
1.147748e+00 -4.214080e-02
1.169820e+00 -6.390422e-02
1.191892e+00 -9.056882e-02
1.213964e+00 -1.223326e-01
1.236036e+00 -1.593951e-01
1.258108e+00 -2.019578e-01
1.280180e+00 -2.502244e-01
1.302252e+00 -3.044007e-01
1.324324e+00 -3.646957e-01
1.346396e+00 -4.313213e-01
1.368468e+00 -5.044931e-01
1.390541e+00 -5.844305e-01
1.412613e+00 -6.713578e-01
1.434685e+00 -7.655042e-01
1.456757e+00 -8.671046e-01
1.478829e+00 -9.764003e-01
1.500901e+00 -1.093640e+00
1.522973e+00 -1.219080e+00
1.545045e+00 -1.352985e+00
1.567117e+00 -1.495631e+00
1.589189e+00 -1.647304e+00
1.611261e+00 -1.808301e+00
1.633333e+00 -1.978935e+00
1.655405e+00 -2.159532e+00
1.677477e+00 -2.350436e+00
1.699550e+00 -2.552008e+00
1.721622e+00 -2.764631e+00
1.743694e+00 -2.988712e+00
1.765766e+00 -3.224680e+00
1.787838e+00 -3.472997e+00
1.809910e+00 -3.734155e+00
1.831982e+00 -4.008683e+00
1.854054e+00 -4.297151e+00
1.876126e+00 -4.600174e+00
1.898198e+00 -4.918422e+00
1.920270e+00 -5.252622e+00
1.942342e+00 -5.603570e+00
1.964414e+00 -5.972141e+00
1.986486e+00 -6.359298e+00
2.008559e+00 -6.766110e+00
2.030631e+00 -7.193764e+00
2.052703e+00 -7.643593e+00
2.074775e+00 -8.117092e+00
2.096847e+00 -8.615957e+00
2.118919e+00 -9.142121e+00
2.140991e+00 -9.697800e+00
2.163063e+00 -1.028556e+01
2.185135e+00 -1.090839e+01
2.207207e+00 -1.156982e+01
2.229279e+00 -1.227403e+01
2.251351e+00 -1.302608e+01
2.273423e+00 -1.383213e+01
2.295495e+00 -1.469981e+01
2.317568e+00 -1.563877e+01
2.339640e+00 -1.666141e+01
2.361712e+00 -1.778411e+01
2.383784e+00 -1.902915e+01
2.405856e+00 -2.042793e+01
2.427928e+00 -2.202689e+01
2.450000e+00 -2.389889e+01
2.472072e+00 -2.616839e+01
2.494144e+00 -2.907574e+01
2.516216e+00 -3.319000e+01
2.538288e+00 -4.057405e+01
2.560360e+00 -5.224960e+01
2.582432e+00 -3.739966e+01
2.604505e+00 -3.247586e+01
2.626577e+00 -2.955012e+01
2.648649e+00 -2.752274e+01
2.670721e+00 -2.601264e+01
2.692793e+00 -2.484220e+01
2.714865e+00 -2.391425e+01
2.736937e+00 -2.317000e+01
2.759009e+00 -2.257125e+01
2.781081e+00 -2.209196e+01
2.803153e+00 -2.171366e+01
2.825225e+00 -2.142294e+01
2.847297e+00 -2.120988e+01
2.869369e+00 -2.106705e+01
2.891441e+00 -2.098891e+01
2.913514e+00 -2.097139e+01
2.935586e+00 -2.101157e+01
2.957658e+00 -2.110753e+01
2.979730e+00 -2.125822e+01
3.001802e+00 -2.146339e+01
3.023874e+00 -2.172356e+01
3.045946e+00 -2.204008e+01
3.068018e+00 -2.241515e+01
3.090090e+00 -2.285199e+01
3.112162e+00 -2.335500e+01
3.134234e+00 -2.393007e+01
3.156306e+00 -2.458499e+01
3.178378e+00 -2.533015e+01
3.200450e+00 -2.617950e+01
3.222523e+00 -2.715214e+01
3.244595e+00 -2.827507e+01
3.266667e+00 -2.958776e+01
3.288739e+00 -3.115118e+01
3.310811e+00 -3.306639e+01
3.332883e+00 -3.551949e+01
3.354955e+00 -3.891508e+01
3.377027e+00 -4.445501e+01
3.399099e+00 -6.248327e+01
3.421171e+00 -4.723000e+01
3.443243e+00 -4.063955e+01
3.465315e+00 -3.705035e+01
3.487387e+00 -3.461560e+01
3.509459e+00 -3.280341e+01
3.531532e+00 -3.138539e+01
3.553604e+00 -3.024242e+01
3.575676e+00 -2.930452e+01
3.597748e+00 -2.852719e+01
3.619820e+00 -2.788046e+01
3.641892e+00 -2.734330e+01
3.663964e+00 -2.690047e+01
3.686036e+00 -2.654070e+01
3.708108e+00 -2.625551e+01
3.730180e+00 -2.603850e+01
3.752252e+00 -2.588485e+01
3.774324e+00 -2.579095e+01
3.796396e+00 -2.575424e+01
3.818468e+00 -2.577302e+01
3.840541e+00 -2.584637e+01
3.862613e+00 -2.597407e+01
3.884685e+00 -2.615665e+01
3.906757e+00 -2.639535e+01
3.928829e+00 -2.669223e+01
3.950901e+00 -2.705026e+01
3.972973e+00 -2.747350e+01
3.995045e+00 -2.796738e+01
4.017117e+00 -2.853903e+01
4.039189e+00 -2.919793e+01
4.061261e+00 -2.995671e+01
4.083333e+00 -3.083255e+01
4.105405e+00 -3.184941e+01
4.127477e+00 -3.304190e+01
4.149550e+00 -3.446237e+01
4.171622e+00 -3.619535e+01
4.193694e+00 -3.839039e+01
4.215766e+00 -4.135202e+01
4.237838e+00 -4.587297e+01
4.259910e+00 -5.571040e+01
4.281982e+00 -5.507949e+01
4.304054e+00 -4.585477e+01
4.326126e+00 -4.157152e+01
4.348198e+00 -3.879412e+01
4.370270e+00 -3.676555e+01
4.392342e+00 -3.519103e+01
4.414414e+00 -3.392478e+01
4.436486e+00 -3.288404e+01
4.458559e+00 -3.201740e+01
4.480631e+00 -3.129082e+01
4.502703e+00 -3.068068e+01
4.524775e+00 -3.017004e+01
4.546847e+00 -2.974644e+01
4.568919e+00 -2.940053e+01
4.590991e+00 -2.912526e+01
4.613063e+00 -2.891529e+01
4.635135e+00 -2.876660e+01
4.657207e+00 -2.867627e+01
4.679279e+00 -2.864229e+01
4.701351e+00 -2.866343e+01
4.723423e+00 -2.873920e+01
4.745495e+00 -2.886982e+01
4.767568e+00 -2.905622e+01
4.789640e+00 -2.930010e+01
4.811712e+00 -2.960399e+01
4.833784e+00 -2.997147e+01
4.855856e+00 -3.040728e+01
4.877928e+00 -3.091776e+01
4.900000e+00 -3.151123e+01
4.922072e+00 -3.219875e+01
4.944144e+00 -3.299524e+01
4.966216e+00 -3.392123e+01
4.988288e+00 -3.500588e+01
5.010360e+00 -3.629229e+01
5.032432e+00 -3.784788e+01
5.054505e+00 -3.978660e+01
5.076577e+00 -4.232434e+01
5.098649e+00 -4.595417e+01
5.120721e+00 -5.230974e+01
5.142793e+00 -7.513292e+01
5.164865e+00 -5.123636e+01
5.186937e+00 -4.557480e+01
5.209009e+00 -4.224560e+01
5.231081e+00 -3.991041e+01
5.253153e+00 -3.813511e+01
5.275225e+00 -3.672341e+01
5.297297e+00 -3.556981e+01
5.319369e+00 -3.461111e+01
5.341441e+00 -3.380654e+01
5.363514e+00 -3.312839e+01
5.385586e+00 -3.255703e+01
5.407658e+00 -3.207816e+01
5.429730e+00 -3.168117e+01
5.451802e+00 -3.135803e+01
5.473874e+00 -3.110269e+01
5.495946e+00 -3.091057e+01
5.518018e+00 -3.077827e+01
5.540090e+00 -3.070339e+01
5.562162e+00 -3.068435e+01
5.584234e+00 -3.072034e+01
5.606306e+00 -3.081126e+01
5.628378e+00 -3.095770e+01
5.650450e+00 -3.116102e+01
5.672523e+00 -3.142337e+01
5.694595e+00 -3.174783e+01
5.716667e+00 -3.213861e+01
5.738739e+00 -3.260128e+01
5.760811e+00 -3.314321e+01
5.782883e+00 -3.377416e+01
5.804955e+00 -3.450718e+01
5.827027e+00 -3.536006e+01
5.849099e+00 -3.635768e+01
5.871171e+00 -3.753613e+01
5.893243e+00 -3.895041e+01
5.915315e+00 -4.068999e+01
5.937387e+00 -4.291518e+01
5.959459e+00 -4.595904e+01
5.981532e+00 -5.072297e+01
6.003604e+00 -6.210467e+01
6.025676e+00 -5.754999e+01
6.047748e+00 -4.934684e+01
6.069820e+00 -4.526807e+01
6.091892e+00 -4.256477e+01
6.113964e+00 -4.056577e+01
6.136036e+00 -3.900052e+01
6.158108e+00 -3.773274e+01
6.180180e+00 -3.668414e+01
6.202252e+00 -3.580570e+01
6.224324e+00 -3.506476e+01
6.246396e+00 -3.443859e+01
6.268468e+00 -3.391082e+01
6.290541e+00 -3.346937e+01
6.312613e+00 -3.310518e+01
6.334685e+00 -3.281141e+01
6.356757e+00 -3.258287e+01
6.378829e+00 -3.241569e+01
6.400901e+00 -3.230704e+01
6.422973e+00 -3.225502e+01
6.445045e+00 -3.225848e+01
6.467117e+00 -3.231702e+01
6.489189e+00 -3.243095e+01
6.511261e+00 -3.260130e+01
6.533333e+00 -3.282987e+01
6.555405e+00 -3.311935e+01
6.577477e+00 -3.347345e+01
6.599550e+00 -3.389714e+01
6.621622e+00 -3.439702e+01
6.643694e+00 -3.498178e+01
6.665766e+00 -3.566300e+01
6.687838e+00 -3.645633e+01
6.709910e+00 -3.738341e+01
6.731982e+00 -3.847516e+01
6.754054e+00 -3.977763e+01
6.776126e+00 -4.136363e+01
6.798198e+00 -4.335808e+01
6.820270e+00 -4.600326e+01
6.842342e+00 -4.987556e+01
6.864414e+00 -5.708517e+01
6.886486e+00 -6.782879e+01
6.908559e+00 -5.317082e+01
6.930631e+00 -4.805187e+01
6.952703e+00 -4.491018e+01
6.974775e+00 -4.266477e+01
6.996847e+00 -4.093869e+01
7.018919e+00 -3.955561e+01
7.040991e+00 -3.841881e+01
7.063063e+00 -3.746958e+01
7.085135e+00 -3.666967e+01
7.107207e+00 -3.599289e+01
7.129279e+00 -3.542062e+01
7.151351e+00 -3.493922e+01
7.173423e+00 -3.453855e+01
7.195495e+00 -3.421095e+01
7.217568e+00 -3.395061e+01
7.239640e+00 -3.375317e+01
7.261712e+00 -3.361542e+01
7.283784e+00 -3.353508e+01
7.305856e+00 -3.351074e+01
7.327928e+00 -3.354170e+01
7.350000e+00 -3.362799e+01
7.372072e+00 -3.377037e+01
7.394144e+00 -3.397032e+01
7.416216e+00 -3.423019e+01
7.438288e+00 -3.455328e+01
7.460360e+00 -3.494407e+01
7.482432e+00 -3.540848e+01
7.504505e+00 -3.595435e+01
7.526577e+00 -3.659208e+01
7.548649e+00 -3.733563e+01
7.570721e+00 -3.820413e+01
7.592793e+00 -3.922455e+01
7.614865e+00 -4.043637e+01
7.636937e+00 -4.190055e+01
7.659009e+00 -4.371817e+01
7.681081e+00 -4.607533e+01
7.703153e+00 -4.937674e+01
7.725225e+00 -5.482475e+01
7.747297e+00 -7.277846e+01
7.769369e+00 -5.741231e+01
7.791441e+00 -5.073502e+01
7.813514e+00 -4.705918e+01
7.835586e+00 -4.453890e+01
7.857658e+00 -4.264245e+01
7.879730e+00 -4.114149e+01
7.901802e+00 -3.991688e+01
7.923874e+00 -3.889862e+01
7.945946e+00 -3.804219e+01
7.968018e+00 -3.731761e+01
7.990090e+00 -3.670382e+01
8.012162e+00 -3.618556e+01
8.034234e+00 -3.575153e+01
8.056306e+00 -3.539324e+01
8.078378e+00 -3.510426e+01
8.100450e+00 -3.487973e+01
8.122523e+00 -3.471605e+01
8.144595e+00 -3.461061e+01
8.166667e+00 -3.456170e+01
8.188739e+00 -3.456837e+01
8.210811e+00 -3.463039e+01
8.232883e+00 -3.474826e+01
8.254955e+00 -3.492319e+01
8.277027e+00 -3.515723e+01
8.299099e+00 -3.545331e+01
8.321171e+00 -3.581547e+01
8.343243e+00 -3.624911e+01
8.365315e+00 -3.676135e+01
8.387387e+00 -3.736160e+01
8.409459e+00 -3.806246e+01
8.431532e+00 -3.888105e+01
8.453604e+00 -3.984124e+01
8.475676e+00 -4.097750e+01
8.497748e+00 -4.234200e+01
8.519820e+00 -4.401886e+01
8.541892e+00 -4.615683e+01
8.563964e+00 -4.905833e+01
8.586036e+00 -5.350838e+01
8.608108e+00 -6.319265e+01
8.630180e+00 -6.280891e+01
8.652252e+00 -5.344088e+01
8.674324e+00 -4.909031e+01
8.696396e+00 -4.625734e+01
8.718468e+00 -4.417759e+01
8.740541e+00 -4.255427e+01
8.762613e+00 -4.124082e+01
8.784685e+00 -4.015411e+01
8.806757e+00 -3.924252e+01
8.828829e+00 -3.847190e+01
8.850901e+00 -3.781857e+01
8.872973e+00 -3.726554e+01
8.895045e+00 -3.680031e+01
8.917117e+00 -3.641352e+01
8.939189e+00 -3.609811e+01
8.961261e+00 -3.584872e+01
8.983333e+00 -3.566135e+01
9.005405e+00 -3.553308e+01
9.027477e+00 -3.546191e+01
9.049550e+00 -3.544664e+01
9.071622e+00 -3.548680e+01
9.093694e+00 -3.558265e+01
9.115766e+00 -3.573515e+01
9.137838e+00 -3.594608e+01
9.159910e+00 -3.621806e+01
9.181982e+00 -3.655476e+01
9.204054e+00 -3.696109e+01
9.226126e+00 -3.744356e+01
9.248198e+00 -3.801078e+01
9.270270e+00 -3.867419e+01
9.292342e+00 -3.944928e+01
9.314414e+00 -4.035743e+01
9.336486e+00 -4.142914e+01
9.358559e+00 -4.270979e+01
9.380631e+00 -4.427096e+01
9.402703e+00 -4.623502e+01
9.424775e+00 -4.883806e+01
9.446847e+00 -5.263658e+01
9.468919e+00 -5.962011e+01
9.490991e+00 -7.218561e+01
9.513063e+00 -5.631084e+01
9.535135e+00 -5.106591e+01
9.557207e+00 -4.786895e+01
9.579279e+00 -4.558867e+01
9.601351e+00 -4.383645e+01
9.623423e+00 -4.243182e+01
9.645495e+00 -4.127621e+01
9.667568e+00 -4.030994e+01
9.689640e+00 -3.949425e+01
9.711712e+00 -3.880262e+01
9.733784e+00 -3.821621e+01
9.755856e+00 -3.772125e+01
9.777928e+00 -3.730749e+01
9.800000e+00 -3.696721e+01
9.822072e+00 -3.669456e+01
9.844144e+00 -3.648512e+01
9.866216e+00 -3.633567e+01
9.888288e+00 -3.624392e+01
9.910360e+00 -3.620843e+01
9.932432e+00 -3.622851e+01
9.954505e+00 -3.630417e+01
9.976577e+00 -3.643618e+01
9.998649e+00 -3.662605e+01
1.002072e+01 -3.687611e+01
1.004279e+01 -3.718971e+01
1.006486e+01 -3.757134e+01
1.008694e+01 -3.802698e+01
1.010901e+01 -3.856454e+01
1.013108e+01 -3.919449e+01
1.015315e+01 -3.993095e+01
1.017523e+01 -4.079323e+01
1.019730e+01 -4.180861e+01
1.021937e+01 -4.301713e+01
1.024144e+01 -4.448065e+01
1.026351e+01 -4.630210e+01
1.028559e+01 -4.867180e+01
1.030766e+01 -5.200653e+01
1.032973e+01 -5.756359e+01
1.035180e+01 -7.747496e+01
1.037387e+01 -5.955483e+01
1.039595e+01 -5.304306e+01
1.041802e+01 -4.941133e+01
1.044009e+01 -4.690796e+01
1.046216e+01 -4.501803e+01
1.048423e+01 -4.351857e+01
1.050631e+01 -4.229269e+01
1.052838e+01 -4.127149e+01
1.055045e+01 -4.041108e+01
1.057252e+01 -3.968182e+01
1.059459e+01 -3.906289e+01
1.061667e+01 -3.853918e+01
1.063874e+01 -3.809952e+01
1.066081e+01 -3.773549e+01
1.068288e+01 -3.744072e+01
1.070495e+01 -3.721041e+01
1.072703e+01 -3.704099e+01
1.074910e+01 -3.692991e+01
1.077117e+01 -3.687549e+01
1.079324e+01 -3.687681e+01
1.081532e+01 -3.693370e+01
1.083739e+01 -3.704668e+01
1.085946e+01 -3.721703e+01
1.088153e+01 -3.744686e+01
1.090360e+01 -3.773917e+01
1.092568e+01 -3.809812e+01
1.094775e+01 -3.852920e+01
1.096982e+01 -3.903972e+01
1.099189e+01 -3.963932e+01
1.101396e+01 -4.034091e+01
1.103604e+01 -4.116210e+01
1.105811e+01 -4.212750e+01
1.108018e+01 -4.327275e+01
1.110225e+01 -4.465208e+01
1.112432e+01 -4.635351e+01
1.114640e+01 -4.853421e+01
1.116847e+01 -5.151882e+01
1.119054e+01 -5.617610e+01
1.121261e+01 -6.703245e+01
1.123468e+01 -6.358076e+01
1.125676e+01 -5.508285e+01
1.127883e+01 -5.091613e+01
1.130090e+01 -4.816025e+01
1.132297e+01 -4.612123e+01
1.134505e+01 -4.452198e+01
1.136712e+01 -4.322362e+01
1.138919e+01 -4.214662e+01
1.141126e+01 -4.124131e+01
1.143333e+01 -4.047465e+01
1.145541e+01 -3.982367e+01
1.147748e+01 -3.927184e+01
1.149955e+01 -3.880698e+01
1.152162e+01 -3.841997e+01
1.154369e+01 -3.810391e+01
1.156577e+01 -3.785359e+01
1.158784e+01 -3.766511e+01
1.160991e+01 -3.753564e+01
1.163198e+01 -3.746326e+01
1.165405e+01 -3.744686e+01
1.167613e+01 -3.748603e+01
1.169820e+01 -3.758112e+01
1.172027e+01 -3.773318e+01
1.174234e+01 -3.794407e+01
1.176441e+01 -3.821654e+01
1.178649e+01 -3.855439e+01
1.180856e+01 -3.896272e+01
1.183063e+01 -3.944828e+01
1.185270e+01 -4.001997e+01
1.187477e+01 -4.068970e+01
1.189685e+01 -4.147358e+01
1.191892e+01 -4.239397e+01
1.194099e+01 -4.348288e+01
1.196306e+01 -4.478831e+01
1.198514e+01 -4.638659e+01
1.200721e+01 -4.840996e+01
1.202928e+01 -5.111878e+01
1.205135e+01 -5.514947e+01
1.207342e+01 -6.300338e+01
1.209550e+01 -6.952373e+01
1.211757e+01 -5.726189e+01
1.213964e+01 -5.241269e+01
1.216171e+01 -4.936582e+01
1.218378e+01 -4.716332e+01
1.220586e+01 -4.545791e+01
1.222793e+01 -4.408403e+01
1.225000e+01 -4.294978e+01
1.227207e+01 -4.199897e+01
1.229414e+01 -4.119478e+01
1.231622e+01 -4.051190e+01
1.233829e+01 -3.993227e+01
1.236036e+01 -3.944266e+01
1.238243e+01 -3.903320e+01
1.240450e+01 -3.869644e+01
1.242658e+01 -3.842673e+01
1.244865e+01 -3.821985e+01
1.247072e+01 -3.807270e+01
1.249279e+01 -3.798312e+01
1.251486e+01 -3.794978e+01
1.253694e+01 -3.797208e+01
1.255901e+01 -3.805016e+01
1.258108e+01 -3.818488e+01
1.260315e+01 -3.837788e+01
1.262523e+01 -3.863165e+01
1.264730e+01 -3.894969e+01
1.266937e+01 -3.933671e+01
1.269144e+01 -3.979897e+01
1.271351e+01 -4.034475e+01
1.273559e+01 -4.098504e+01
1.275766e+01 -4.173466e+01
1.277973e+01 -4.261402e+01
1.280180e+01 -4.365211e+01
1.282387e+01 -4.489174e+01
1.284595e+01 -4.639983e+01
1.286802e+01 -4.828934e+01
1.289009e+01 -5.077382e+01
1.291216e+01 -5.433922e+01
1.293423e+01 -6.058181e+01
1.295631e+01 -8.570365e+01
1.297838e+01 -5.969231e+01
1.300045e+01 -5.393123e+01
1.302252e+01 -5.054238e+01
1.304459e+01 -4.815832e+01
1.306667e+01 -4.633883e+01
1.308874e+01 -4.488555e+01
1.311081e+01 -4.369208e+01
1.313288e+01 -4.269477e+01
1.315495e+01 -4.185260e+01
1.317703e+01 -4.113771e+01
1.319910e+01 -4.053037e+01
1.322117e+01 -4.001623e+01
1.324324e+01 -3.958465e+01
1.326532e+01 -3.922757e+01
1.328739e+01 -3.893893e+01
1.330946e+01 -3.871415e+01
1.333153e+01 -3.854986e+01
1.335360e+01 -3.844364e+01
1.337568e+01 -3.839397e+01
1.339775e+01 -3.840005e+01
1.341982e+01 -3.846183e+01
1.344189e+01 -3.857998e+01
1.346396e+01 -3.875593e+01
1.348604e+01 -3.899192e+01
1.350811e+01 -3.929117e+01
1.353018e+01 -3.965806e+01
1.355225e+01 -4.009841e+01
1.357432e+01 -4.061990e+01
1.359640e+01 -4.123273e+01
1.361847e+01 -4.195059e+01
1.364054e+01 -4.279221e+01
1.366261e+01 -4.378394e+01
1.368468e+01 -4.496427e+01
1.370676e+01 -4.639240e+01
1.372883e+01 -4.816596e+01
1.375090e+01 -5.046331e+01
1.377297e+01 -5.366714e+01
1.379505e+01 -5.888297e+01
1.381712e+01 -7.415017e+01
1.383919e+01 -6.256657e+01
1.386126e+01 -5.550630e+01
1.388333e+01 -5.170653e+01
1.390541e+01 -4.911820e+01
1.392748e+01 -4.717491e+01
1.394955e+01 -4.563747e+01
1.397162e+01 -4.438225e+01
1.399369e+01 -4.333706e+01
1.401577e+01 -4.245619e+01
1.403784e+01 -4.170893e+01
1.405991e+01 -4.107378e+01
1.408198e+01 -4.053517e+01
1.410405e+01 -4.008162e+01
1.412613e+01 -3.970448e+01
1.414820e+01 -3.939721e+01
1.417027e+01 -3.915488e+01
1.419234e+01 -3.897383e+01
1.421441e+01 -3.885142e+01
1.423649e+01 -3.878589e+01
1.425856e+01 -3.877627e+01
1.428063e+01 -3.882232e+01
1.430270e+01 -3.892451e+01
1.432477e+01 -3.908408e+01
1.434685e+01 -3.930305e+01
1.436892e+01 -3.958438e+01
1.439099e+01 -3.993212e+01
1.441306e+01 -4.035169e+01
1.443514e+01 -4.085025e+01
1.445721e+01 -4.143728e+01
1.447928e+01 -4.212545e+01
1.450135e+01 -4.293203e+01
1.452342e+01 -4.388109e+01
1.454550e+01 -4.500744e+01
1.456757e+01 -4.636383e+01
1.458964e+01 -4.803549e+01
1.461171e+01 -5.017356e+01
1.463378e+01 -5.308674e+01
1.465586e+01 -5.758327e+01
1.467793e+01 -6.756764e+01
1.470000e+01 -6.628753e+01
1.472207e+01 -5.718161e+01
1.474414e+01 -5.287499e+01
1.476622e+01 -5.005364e+01
1.478829e+01 -4.797472e+01
1.481036e+01 -4.634736e+01
1.483243e+01 -4.502731e+01
1.485450e+01 -4.393252e+01
1.487658e+01 -4.301195e+01
1.489865e+01 -4.223177e+01
1.492072e+01 -4.156852e+01
1.494279e+01 -4.100536e+01
1.496486e+01 -4.052986e+01
1.498694e+01 -4.013277e+01
1.500901e+01 -3.980706e+01
1.503108e+01 -3.954742e+01
1.505315e+01 -3.934990e+01
1.507523e+01 -3.921162e+01
1.509730e+01 -3.913060e+01
1.511937e+01 -3.910568e+01
1.514144e+01 -3.913644e+01
1.516351e+01 -3.922318e+01
1.518559e+01 -3.936693e+01
1.520766e+01 -3.956950e+01
1.522973e+01 -3.983361e+01
1.525180e+01 -4.016301e+01
1.527387e+01 -4.056276e+01
1.529595e+01 -4.103953e+01
1.531802e+01 -4.160215e+01
1.534009e+01 -4.226240e+01
1.536216e+01 -4.303621e+01
1.538423e+01 -4.394570e+01
1.540631e+01 -4.502247e+01
1.542838e+01 -4.631383e+01
1.545045e+01 -4.789484e+01
1.547252e+01 -4.989509e+01
1.549459e+01 -5.256840e+01
1.551667e+01 -5.652912e+01
1.553874e+01 -6.412991e+01
1.556081e+01 -7.202154e+01
1.558288e+01 -5.901821e+01
1.560495e+01 -5.406596e+01
1.562703e+01 -5.097478e+01
1.564910e+01 -4.874578e+01
1.567117e+01 -4.702162e+01
1.569324e+01 -4.563306e+01
1.571532e+01 -4.448656e+01
1.573739e+01 -4.352504e+01
1.575946e+01 -4.271120e+01
1.578153e+01 -4.201942e+01
1.580360e+01 -4.143146e+01
1.582568e+01 -4.093394e+01
1.584775e+01 -4.051690e+01
1.586982e+01 -4.017283e+01
1.589189e+01 -3.989603e+01
1.591396e+01 -3.968224e+01
1.593604e+01 -3.952832e+01
1.595811e+01 -3.943209e+01
1.598018e+01 -3.939219e+01
1.600225e+01 -3.940802e+01
1.602432e+01 -3.947970e+01
1.604640e+01 -3.960808e+01
1.606847e+01 -3.979477e+01
1.609054e+01 -4.004225e+01
1.611261e+01 -4.035400e+01
1.613468e+01 -4.073473e+01
1.615676e+01 -4.119068e+01
1.617883e+01 -4.173007e+01
1.620090e+01 -4.236389e+01
1.622297e+01 -4.310688e+01
1.624505e+01 -4.397941e+01
1.626712e+01 -4.501031e+01
1.628919e+01 -4.624223e+01
1.631126e+01 -4.774175e+01
1.633333e+01 -4.962110e+01
1.635541e+01 -5.209223e+01
1.637748e+01 -5.563611e+01
1.639955e+01 -6.182321e+01
1.642162e+01 -8.902717e+01
1.644369e+01 -6.111054e+01
1.646577e+01 -5.530069e+01
1.648784e+01 -5.189170e+01
1.650991e+01 -4.949494e+01
1.653198e+01 -4.766578e+01
1.655405e+01 -4.620437e+01
1.657613e+01 -4.500366e+01
1.659820e+01 -4.399968e+01
1.662027e+01 -4.315124e+01
1.664234e+01 -4.243036e+01
1.666441e+01 -4.181724e+01
1.668649e+01 -4.129750e+01
1.670856e+01 -4.086044e+01
1.673063e+01 -4.049801e+01
1.675270e+01 -4.020411e+01
1.677477e+01 -3.997416e+01
1.679685e+01 -3.980476e+01
1.681892e+01 -3.969352e+01
1.684099e+01 -3.963888e+01
1.686306e+01 -3.964006e+01
1.688514e+01 -3.969701e+01
1.690721e+01 -3.981039e+01
1.692928e+01 -3.998163e+01
1.695135e+01 -4.021297e+01
1.697342e+01 -4.050766e+01
1.699550e+01 -4.087006e+01
1.701757e+01 -4.130600e+01
1.703964e+01 -4.182319e+01
1.706171e+01 -4.243185e+01
1.708378e+01 -4.314569e+01
1.710586e+01 -4.398349e+01
1.712793e+01 -4.497168e+01
1.715000e+01 -4.614887e+01
1.717207e+01 -4.757446e+01
1.719414e+01 -4.934650e+01
1.721622e+01 -5.164430e+01
1.723829e+01 -5.485316e+01
1.726036e+01 -6.008998e+01
1.728243e+01 -7.562813e+01
1.730450e+01 -6.362308e+01
1.732658e+01 -5.660580e+01
1.734865e+01 -5.281509e+01
1.737072e+01 -5.022873e+01
1.739279e+01 -4.828478e+01
1.741486e+01 -4.674542e+01
1.743694e+01 -4.548758e+01
1.745901e+01 -4.443937e+01
1.748108e+01 -4.355520e+01
1.750315e+01 -4.280448e+01
1.752523e+01 -4.216575e+01
1.754730e+01 -4.162350e+01
1.756937e+01 -4.116625e+01
1.759144e+01 -4.078538e+01
1.761351e+01 -4.047437e+01
1.763559e+01 -4.022831e+01
1.765766e+01 -4.004353e+01
1.767973e+01 -3.991742e+01
1.770180e+01 -3.984822e+01
1.772387e+01 -3.983497e+01
1.774595e+01 -3.987744e+01
1.776802e+01 -3.997612e+01
1.779009e+01 -4.013226e+01
1.781216e+01 -4.034789e+01
1.783423e+01 -4.062599e+01
1.785631e+01 -4.097064e+01
1.787838e+01 -4.138730e+01
1.790045e+01 -4.188316e+01
1.792252e+01 -4.246777e+01
1.794459e+01 -4.315389e+01
1.796667e+01 -4.395890e+01
1.798874e+01 -4.490708e+01
1.801081e+01 -4.603353e+01
1.803288e+01 -4.739155e+01
1.805495e+01 -4.906739e+01
1.807703e+01 -5.121441e+01
1.809910e+01 -5.414709e+01
1.812117e+01 -5.869549e+01
1.814324e+01 -6.897906e+01
1.816532e+01 -6.689292e+01
1.818739e+01 -5.801701e+01
1.820946e+01 -5.375686e+01
1.823153e+01 -5.095362e+01
1.825360e+01 -4.888318e+01
1.827568e+01 -4.725989e+01
1.829775e+01 -4.594154e+01
1.831982e+01 -4.484702e+01
1.834189e+01 -4.392581e+01
1.836396e+01 -4.314439e+01
1.838604e+01 -4.247946e+01
1.840811e+01 -4.191432e+01
1.843018e+01 -4.143662e+01
1.845225e+01 -4.103717e+01
1.847432e+01 -4.070898e+01
1.849640e+01 -4.044680e+01
1.851847e+01 -4.024668e+01
1.854054e+01 -4.010577e+01
1.856261e+01 -4.002213e+01
1.858468e+01 -3.999461e+01
1.860676e+01 -4.002280e+01
1.862883e+01 -4.010704e+01
1.865090e+01 -4.024836e+01
1.867297e+01 -4.044861e+01
1.869505e+01 -4.071055e+01
1.871712e+01 -4.103796e+01
1.873919e+01 -4.143594e+01
1.876126e+01 -4.191124e+01
1.878333e+01 -4.247276e+01
1.880541e+01 -4.313242e+01
1.882748e+01 -4.390631e+01
1.884955e+01 -4.481681e+01
1.887162e+01 -4.589596e+01
1.889369e+01 -4.719177e+01
1.891577e+01 -4.878064e+01
1.893784e+01 -5.079490e+01
1.895991e+01 -5.349521e+01
1.898198e+01 -5.751895e+01
1.900405e+01 -6.537411e+01
1.902613e+01 -7.182787e+01
1.904820e+01 -5.958573e+01
1.907027e+01 -5.473107e+01
1.909234e+01 -5.167636e+01
1.911441e+01 -4.946534e+01
1.913649e+01 -4.775113e+01
1.915856e+01 -4.636832e+01
1.918063e+01 -4.522512e+01
1.920270e+01 -4.426533e+01
1.922477e+01 -4.345219e+01
1.924685e+01 -4.276038e+01
1.926892e+01 -4.217186e+01
1.929099e+01 -4.167340e+01
1.931306e+01 -4.125515e+01
1.933514e+01 -4.090965e+01
1.935721e+01 -4.063128e+01
1.937928e+01 -4.041581e+01
1.940135e+01 -4.026014e+01
1.942342e+01 -4.016212e+01
1.944550e+01 -4.012044e+01
1.946757e+01 -4.013451e+01
1.948964e+01 -4.020447e+01
1.951171e+01 -4.033122e+01
1.953378e+01 -4.051639e+01
1.955586e+01 -4.076251e+01
1.957793e+01 -4.107311e+01
1.960000e+01 -4.145294e+01
1.962207e+01 -4.190833e+01
1.964414e+01 -4.244761e+01
1.966622e+01 -4.308189e+01
1.968829e+01 -4.382614e+01
1.971036e+01 -4.470100e+01
1.973243e+01 -4.573582e+01
1.975450e+01 -4.697402e+01
1.977658e+01 -4.848361e+01
1.979865e+01 -5.037975e+01
1.982072e+01 -5.288125e+01
1.984279e+01 -5.649007e+01
1.986486e+01 -6.288758e+01
1.988694e+01 -8.337568e+01
1.990901e+01 -6.139196e+01
1.993108e+01 -5.575518e+01
1.995315e+01 -5.240431e+01
1.997523e+01 -5.003558e+01
1.999730e+01 -4.822220e+01
2.001937e+01 -4.677040e+01
2.004144e+01 -4.557577e+01
2.006351e+01 -4.457565e+01
2.008559e+01 -4.372961e+01
2.010766e+01 -4.301011e+01
2.012973e+01 -4.239765e+01
2.015180e+01 -4.187803e+01
2.017387e+01 -4.144070e+01
2.019595e+01 -4.107770e+01
2.021802e+01 -4.078302e+01
2.024009e+01 -4.055213e+01
2.026216e+01 -4.038168e+01
2.028423e+01 -4.026932e+01
2.030631e+01 -4.021354e+01
2.032838e+01 -4.021358e+01
2.035045e+01 -4.026943e+01
2.037252e+01 -4.038179e+01
2.039459e+01 -4.055211e+01
2.041667e+01 -4.078271e+01
2.043874e+01 -4.107685e+01
2.046081e+01 -4.143899e+01
2.048288e+01 -4.187504e+01
2.050495e+01 -4.239281e+01
2.052703e+01 -4.300267e+01
2.054910e+01 -4.371856e+01
2.057117e+01 -4.455958e+01
2.059324e+01 -4.555264e+01
2.061532e+01 -4.673718e+01
2.063739e+01 -4.817405e+01
2.065946e+01 -4.996412e+01
2.068153e+01 -5.229307e+01
2.070360e+01 -5.556435e+01
2.072568e+01 -6.097471e+01
2.074775e+01 -7.872561e+01
2.076982e+01 -6.357306e+01
2.079189e+01 -5.685199e+01
2.081396e+01 -5.314582e+01
2.083604e+01 -5.059837e+01
2.085811e+01 -4.867606e+01
2.088018e+01 -4.715000e+01
2.090225e+01 -4.590079e+01
2.092432e+01 -4.485834e+01
2.094640e+01 -4.397806e+01
2.096847e+01 -4.322993e+01
2.099054e+01 -4.259287e+01
2.101261e+01 -4.205162e+01
2.103468e+01 -4.159486e+01
2.105676e+01 -4.121412e+01
2.107883e+01 -4.090296e+01
2.110090e+01 -4.065653e+01
2.112297e+01 -4.047125e+01
2.114505e+01 -4.034453e+01
2.116712e+01 -4.027467e+01
2.118919e+01 -4.026075e+01
2.121126e+01 -4.030258e+01
2.123333e+01 -4.040068e+01
2.125541e+01 -4.055634e+01
2.127748e+01 -4.077166e+01
2.129955e+01 -4.104966e+01
2.132162e+01 -4.139450e+01
2.134369e+01 -4.181170e+01
2.136577e+01 -4.230860e+01
2.138784e+01 -4.289489e+01
2.140991e+01 -4.358355e+01
2.143198e+01 -4.439228e+01
2.145405e+01 -4.534585e+01
2.147613e+01 -4.648016e+01
2.149820e+01 -4.784989e+01
2.152027e+01 -4.954393e+01
2.154234e+01 -5.172132e+01
2.156441e+01 -5.471173e+01
2.158649e+01 -5.940339e+01
2.160856e+01 -7.054082e+01
2.163063e+01 -6.639970e+01
2.165270e+01 -5.805284e+01
2.167477e+01 -5.391086e+01
2.169685e+01 -5.115849e+01
2.171892e+01 -4.911564e+01
2.174099e+01 -4.750918e+01
2.176306e+01 -4.620179e+01
2.178514e+01 -4.511471e+01
2.180721e+01 -4.419866e+01
2.182928e+01 -4.342083e+01
2.185135e+01 -4.275841e+01
2.187342e+01 -4.219496e+01
2.189550e+01 -4.171838e+01
2.191757e+01 -4.131958e+01
2.193964e+01 -4.099172e+01
2.196171e+01 -4.072961e+01
2.198378e+01 -4.052939e+01
2.200586e+01 -4.038825e+01
2.202793e+01 -4.030429e+01
2.205000e+01 -4.027643e+01
