51
       0.009486
       0.006996
       0.003701
      -0.000206
      -0.004468
      -0.008777
      -0.012795
      -0.016170
      -0.018562
      -0.019661
      -0.019216
      -0.017047
      -0.013064
      -0.007275
       0.000206
       0.009165
       0.019294
       0.030205
       0.041449
       0.052541
       0.062984
       0.072300
       0.080052
       0.085872
       0.089480
       0.090703
       0.089480
       0.085872
       0.080052
       0.072300
       0.062984
       0.052541
       0.041449
       0.030205
       0.019294
       0.009165
       0.000206
      -0.007275
      -0.013064
      -0.017047
      -0.019216
      -0.019661
      -0.018562
      -0.016170
      -0.012795
      -0.008777
      -0.004468
      -0.000206
       0.003701
       0.006996
       0.009486
