0.000000000000,
0.000000000000,
0.000000000000,
0.000000000000,
0.000000000000,
0.000000000000,
0.000000000000,
0.000000000000,
0.000000000000,
0.000000000000,
0.000000000000,
0.000000000000,
0.000000000000,
0.000000000000,
0.000000000000,
0.000000000000,
0.000000000000,
0.000000000000,
0.000000000000,
0.000000000000,
0.000000000000,
0.000000000000,
0.000000000000,
0.000000000000,
0.000000000000,
0.000000000000,
0.000000000000,
0.000000000000,
0.000000000000,
0.000000000000,
0.000000000000,
0.000000000000,
0.000000000000,
0.000000000000,
0.000000000000,
0.000000000000,
0.000000000000,
0.000000000000,
0.000000000000,
0.000000000000,
0.000000000000,
0.000000000000,
0.000000000000,
0.000000000000,
0.000000000000,
0.000000000000,
0.000000000000,
0.000000000000,
0.000000000000,
0.000000000000,
0.000000000000,
0.000000000000,
0.000000000000,
0.000000000000,
0.000000000000,
0.000000000000,
0.000000000000,
0.000000000000,
0.000000000000,
0.000000000000,
0.000000000000,
0.000000000000,
0.000000000000,
0.000000000000,
0.000000000000,
0.000000000000,
0.000000000000,
0.000000000000,
0.000000000000,
0.000000000000,
0.000000000000,
0.000000000000,
0.000000000000,
0.000000000000,
0.000000000000,
0.000000000000,
0.000000000000,
0.000000000000,
0.000000000000,
0.000000000000,
0.000000000000,
0.000000000000,
0.000000000000,
0.000000000000,
0.000000000000,
0.000000000000,
0.000000000000,
0.000000000000,
0.000000000000,
0.000000000000,
0.000000000000,
0.000000000000,
0.000000000000,
0.000000000000,
0.000000000000,
0.000000000000,
0.000000000000,
0.000000000000,
0.000000000000,
0.000000000000,
0.000000000000,
0.000000000000,
0.000000000000,
0.000000000000,
0.000000000000,
0.000000000000,
0.000000000000,
0.000000000000,
0.000000000000,
0.000000000000,
0.000000000000,
0.000000000000,
0.000000000000,
0.000000000000,
0.000000000000,
0.000000000000,
0.000000000000,
0.000000000000,
0.000000000000,
0.000000000000,
0.000000000000,
0.000000000000,
0.000000000000,
0.000000000000,
0.000000000000,
0.000000000000,
0.000000000000,
0.000000000000,
0.000000000000,
0.000000000000,
0.000000000000,
0.000000000000,
0.000000000000,
0.000000000000,
0.000000000000,
0.000000000000,
0.000000000000,
0.000000000000,
0.000000000000,
0.000000000000,
0.000000000000,
0.000000000000,
0.000000000000,
0.000000000000,
0.000000000000,
0.000000000000,
0.000000000000,
0.000000000000,
0.000000000000,
0.000000000000,
0.000000000000,
0.000000000000,
0.000000000000,
0.000000000000,
0.000000000000,
0.000000000000,
0.000000000000,
0.000000000000,
0.000000000000,
0.000000000000,
0.000000000000,
0.000000000000,
0.000000000000,
0.000000000000,
0.000000000000,
0.000000000000,
0.000000000000,
0.000000000000,
0.000000000000,
0.000000000000,
0.000000000000,
0.000000000000,
0.000000000000,
0.000000000000,
0.000000000000,
0.000000000000,
0.000000000000,
0.000000000000,
0.000000000000,
0.000000000000,
0.000000000000,
0.000000000000,
0.000000000000,
0.000000000000,
0.000000000000,
0.000000000000,
0.000000000000,
0.000000000000,
0.000000000000,
0.000000000000,
0.000000000000,
0.000000000000,
0.000000000000,
0.000000000000,
0.000000000000,
0.000000000000,
0.000000000000,
0.000000000000,
0.000000000000,
0.000000000000,
0.000000000000,
0.000000000000,
0.000000000000,
0.000000000000,
0.000000000000,
0.000000000000,
0.000000000000,
0.000000000000,
0.000000000000,
0.000000000000,
0.000000000000,
0.000000000000,
0.000000000000,
0.000000000000,
0.000000000000,
0.000000000000,
0.000000000000,
0.000000000000,
0.000000000000,
0.000000000000,
0.000000000000,
0.000000000000,
0.000000000000,
0.000000000000,
0.000000000000,
0.000000000000,
0.000000000000,
0.000000000000,
0.000000000000,
0.000000000000,
0.000000000000,
0.000000000000,
0.000000000000,
0.000000000000,
0.000000000000,
0.000000000000,
0.000000000000,
0.000000000000,
0.000000000000,
0.000000000000,
0.000000000000,
0.000000000000,
0.000000000000,
0.000000000000,
0.000000000000,
0.000000000000,
0.000000000000,
0.000000000000,
0.000000000000,
0.000000000000,
0.000000000000,
0.000000000000,
0.000000000000,
0.000000000000,
0.000000000000,
1.000000000000,
0.790770668477,
0.035310931127,
0.189009734053,
1.213844046841,
1.587785252292,
0.434350227939,
-1.177141547060,
-1.579530237151,
-0.673270256354,
0.048943483705,
-0.375530111554,
-1.057706881540,
-0.560327107210,
0.993564100304,
1.951056516295,
1.291304245104,
-0.038503751599,
-0.440892441690,
0.183683760811,
0.412214747708,
-0.595810058091,
-1.807043722803,
-1.653344919877,
-0.172736679727,
1.000000000000,
0.790770668477,
0.035310931127,
0.189009734053,
1.213844046841,
1.587785252292,
0.434350227939,
-1.177141547060,
-1.579530237151,
-0.673270256354,
0.048943483705,
-0.375530111554,
-1.057706881540,
-0.560327107210,
0.993564100304,
1.951056516295,
1.291304245104,
-0.038503751599,
-0.440892441690,
0.183683760811,
0.412214747708,
-0.595810058091,
-1.807043722803,
-1.653344919877,
-0.172736679727,
1.000000000000,
0.790770668477,
0.035310931127,
0.189009734053,
1.213844046841,
1.587785252292,
0.434350227939,
-1.177141547060,
-1.579530237151,
-0.673270256354,
0.048943483705,
-0.375530111554,
-1.057706881540,
-0.560327107210,
0.993564100304,
1.951056516295,
1.291304245104,
-0.038503751599,
-0.440892441690,
0.183683760811,
0.412214747708,
-0.595810058091,
-1.807043722803,
-1.653344919877,
-0.172736679727,
1.000000000000,
0.790770668477,
0.035310931127,
0.189009734053,
1.213844046841,
1.587785252292,
0.434350227939,
-1.177141547060,
-1.579530237151,
-0.673270256354,
0.048943483705,
-0.375530111554,
-1.057706881540,
-0.560327107210,
0.993564100304,
1.951056516295,
1.291304245104,
-0.038503751599,
-0.440892441690,
0.183683760811,
0.412214747708,
-0.595810058091,
-1.807043722803,
-1.653344919877,
-0.172736679727,
1.000000000000,
0.790770668477,
0.035310931127,
0.189009734053,
1.213844046841,
1.587785252292,
0.434350227939,
-1.177141547060,
-1.579530237151,
-0.673270256354,
0.048943483705,
-0.375530111554,
-1.057706881540,
-0.560327107210,
0.993564100304,
1.951056516295,
1.291304245104,
-0.038503751599,
-0.440892441690,
0.183683760811,
0.412214747708,
-0.595810058091,
-1.807043722803,
-1.653344919877,
-0.172736679727,
1.000000000000,
0.790770668477,
0.035310931127,
0.189009734053,
1.213844046841,
1.587785252292,
0.434350227939,
-1.177141547060,
-1.579530237151,
-0.673270256354,
0.048943483705,
-0.375530111554,
-1.057706881540,
-0.560327107210,
0.993564100304,
1.951056516295,
1.291304245104,
-0.038503751599,
-0.440892441690,
0.183683760811,
0.412214747708,
-0.595810058091,
-1.807043722803,
-1.653344919877,
-0.172736679727,
1.000000000000,
0.790770668477,
0.035310931127,
0.189009734053,
1.213844046841,
1.587785252292,
0.434350227939,
-1.177141547060,
-1.579530237151,
-0.673270256354,
0.048943483705,
-0.375530111554,
-1.057706881540,
-0.560327107210,
0.993564100304,
1.951056516295,
1.291304245104,
-0.038503751599,
-0.440892441690,
0.183683760811,
0.412214747708,
-0.595810058091,
-1.807043722803,
-1.653344919877,
-0.172736679727,
1.000000000000,
0.790770668477,
0.035310931127,
0.189009734053,
1.213844046841,
1.587785252292,
0.434350227939,
-1.177141547060,
-1.579530237151,
-0.673270256354,
0.048943483705,
-0.375530111554,
-1.057706881540,
-0.560327107210,
0.993564100304,
1.951056516295,
1.291304245104,
-0.038503751599,
-0.440892441690,
0.183683760811,
0.412214747708,
-0.595810058091,
-1.807043722803,
-1.653344919877,
-0.172736679727,
1.000000000000,
0.790770668477,
0.035310931127,
0.189009734053,
1.213844046841,
1.587785252292,
0.434350227939,
-1.177141547060,
-1.579530237151,
-0.673270256354,
0.048943483705,
-0.375530111554,
-1.057706881540,
-0.560327107210,
0.993564100304,
1.951056516295,
1.291304245104,
-0.038503751599,
-0.440892441690,
0.183683760811,
0.412214747708,
-0.595810058091,
-1.807043722803,
-1.653344919877,
-0.172736679727,
1.000000000000,
0.790770668477,
0.035310931127,
0.189009734053,
1.213844046841,
1.587785252292,
0.434350227939,
-1.177141547060,
-1.579530237151,
-0.673270256354,
0.048943483705,
-0.375530111554,
-1.057706881540,
-0.560327107210,
0.993564100304,
1.951056516295,
1.291304245104,
-0.038503751599,
-0.440892441690,
0.183683760811,
0.412214747708,
-0.595810058091,
-1.807043722803,
-1.653344919877,
-0.172736679727,
1.000000000000,
0.790770668477,
0.035310931127,
0.189009734053,
1.213844046841,
1.587785252292,
0.434350227939,
-1.177141547060,
-1.579530237151,
-0.673270256354,
0.048943483705,
-0.375530111554,
-1.057706881540,
-0.560327107210,
0.993564100304,
1.951056516295,
1.291304245104,
-0.038503751599,
-0.440892441690,
0.183683760811,
0.412214747708,
-0.595810058091,
-1.807043722803,
-1.653344919877,
-0.172736679727,
1.000000000000,
0.790770668477,
0.035310931127,
0.189009734053,
1.213844046841,
1.587785252292,
0.434350227939,
-1.177141547060,
-1.579530237151,
-0.673270256354,
0.048943483705,
-0.375530111554,
-1.057706881540,
-0.560327107210,
0.993564100304,
1.951056516295,
1.291304245104,
-0.038503751599,
-0.440892441690,
0.183683760811,
0.412214747708,
-0.595810058091,
-1.807043722803,
-1.653344919877,
-0.172736679727,
1.000000000000,
0.790770668477,
0.035310931127,
0.189009734053,
1.213844046841,
1.587785252292,
0.434350227939,
-1.177141547060,
-1.579530237151,
-0.673270256354,
0.048943483705,
-0.375530111554,
-1.057706881540,
-0.560327107210,
0.993564100304,
1.951056516295,
1.291304245104,
-0.038503751599,
-0.440892441690,
0.183683760811,
0.412214747708,
-0.595810058091,
-1.807043722803,
-1.653344919877,
-0.172736679727,
1.000000000000,
0.790770668477,
0.035310931127,
0.189009734053,
1.213844046841,
1.587785252292,
0.434350227939,
-1.177141547060,
-1.579530237151,
-0.673270256354,
0.048943483705,
-0.375530111554,
-1.057706881540,
-0.560327107210,
0.993564100304,
1.951056516295,
1.291304245104,
-0.038503751599,
-0.440892441690,
0.183683760811,
0.412214747708,
-0.595810058091,
-1.807043722803,
-1.653344919877,
-0.172736679727,
1.000000000000,
0.790770668477,
0.035310931127,
0.189009734053,
1.213844046841,
1.587785252292,
0.434350227939,
-1.177141547060,
-1.579530237151,
-0.673270256354,
0.048943483705,
-0.375530111554,
-1.057706881540,
-0.560327107210,
0.993564100304,
1.951056516295,
1.291304245104,
-0.038503751599,
-0.440892441690,
0.183683760811,
0.412214747708,
-0.595810058091,
-1.807043722803,
-1.653344919877,
-0.172736679727,
1.000000000000,
0.790770668477,
0.035310931127,
0.189009734053,
1.213844046841,
1.587785252292,
0.434350227939,
-1.177141547060,
-1.579530237151,
-0.673270256354,
0.048943483705,
-0.375530111554,
-1.057706881540,
-0.560327107210,
0.993564100304,
1.951056516295,
1.291304245104,
-0.038503751599,
-0.440892441690,
0.183683760811,
0.412214747708,
-0.595810058091,
-1.807043722803,
-1.653344919877,
-0.172736679727,
1.000000000000,
0.790770668477,
0.035310931127,
0.189009734053,
1.213844046841,
1.587785252292,
0.434350227939,
-1.177141547060,
-1.579530237151,
-0.673270256354,
0.048943483705,
-0.375530111554,
-1.057706881540,
-0.560327107210,
0.993564100304,
1.951056516295,
1.291304245104,
-0.038503751599,
-0.440892441690,
0.183683760811,
0.412214747708,
-0.595810058091,
-1.807043722803,
-1.653344919877,
-0.172736679727,
1.000000000000,
0.790770668477,
0.035310931127,
0.189009734053,
1.213844046841,
1.587785252292,
0.434350227939,
-1.177141547060,
-1.579530237151,
-0.673270256354,
0.048943483705,
-0.375530111554,
-1.057706881540,
-0.560327107210,
0.993564100304,
1.951056516295,
1.291304245104,
-0.038503751599,
-0.440892441690,
0.183683760811,
0.412214747708,
-0.595810058091,
-1.807043722803,
-1.653344919877,
-0.172736679727,
1.000000000000,
0.790770668477,
0.035310931127,
0.189009734053,
1.213844046841,
1.587785252292,
0.434350227939,
-1.177141547060,
-1.579530237151,
-0.673270256354,
0.048943483705,
-0.375530111554,
-1.057706881540,
-0.560327107210,
0.993564100304,
1.951056516295,
1.291304245104,
-0.038503751599,
-0.440892441690,
0.183683760811,
0.412214747708,
-0.595810058091,
-1.807043722803,
-1.653344919877,
-0.172736679727,
1.000000000000,
0.790770668477,
0.035310931127,
0.189009734053,
1.213844046841,
1.587785252292,
0.434350227939,
-1.177141547060,
-1.579530237151,
-0.673270256354,
0.048943483705,
-0.375530111554,
-1.057706881540,
-0.560327107210,
0.993564100304,
1.951056516295,
1.291304245104,
-0.038503751599,
-0.440892441690,
0.183683760811,
0.412214747708,
-0.595810058091,
-1.807043722803,
-1.653344919877,
-0.172736679727,
1.000000000000,
0.790770668477,
0.035310931127,
0.189009734053,
1.213844046841,
1.587785252292,
0.434350227939,
-1.177141547060,
-1.579530237151,
-0.673270256354,
0.048943483705,
-0.375530111554
