6.456282,
0.000000,
0.489225,
-0.021634,
6.463118,
0.043327,
0.490578,
-0.065130,
6.483745,
0.087109,
0.493310,
-0.109316,
6.518514,
0.131827,
0.497465,
-0.154689,
6.568028,
0.177979,
0.503126,
-0.201764,
6.633176,
0.226120,
0.510397,
-0.251128,
6.715170,
0.276873,
0.519436,
-0.303446,
6.815614,
0.330946,
0.530415,
-0.359487,
6.936580,
0.389185,
0.543595,
-0.420174,
7.080757,
0.452599,
0.559292,
-0.486630,
7.251608,
0.522445,
0.577919,
-0.560242,
7.453622,
0.600267,
0.600013,
-0.642779,
7.692695,
0.688079,
0.626288,
-0.736515,
7.976653,
0.788487,
0.657695,
-0.844462,
8.316077,
0.904987,
0.695543,
-0.970706,
8.725605,
1.042379,
0.741661,
-1.120920,
9.226016,
1.207438,
0.798683,
-1.303274,
9.847785,
1.410088,
0.870558,
-1.529948,
10.637459,
1.665460,
0.963468,
-1.819970,
11.669819,
1.997845,
1.087641,
-2.204860,
13.073056,
2.448874,
1.261339,
-2.740822,
15.086808,
3.096390,
1.520652,
-3.538921,
18.216958,
4.104717,
1.948229,
-4.853514,
23.747500,
5.890997,
2.784161,
-7.423502,
36.172225,
9.915287,
5.141576,
-14.674726,
89.942540,
27.371445,
54.658880,
-167.067713,
-125.002600,
-42.485565,
-5.862855,
19.206175,
-32.834938,
-12.557925,
-2.677434,
9.411152,
-17.439556,
-7.577585,
-1.688575,
6.378111,
-11.071676,
-5.533098,
-1.206432,
4.906319,
-7.572354,
-4.423470,
-0.920616,
4.040595,
-5.344494,
-3.729998,
-0.731154,
3.473402,
-3.788876,
-3.258228,
-0.596027,
3.075552,
-2.629838,
-2.918871,
-0.494473,
2.783328,
-1.722643,
-2.665228,
-0.415054,
2.561714,
-0.983763,
-2.470546,
-0.350936,
2.389928,
-0.361377,
-2.318430,
-0.297777,
2.254886,
0.178590,
-2.198336,
-0.252683,
2.148000,
0.659737,
-2.103213,
-0.213635,
2.063444,
1.099202,
-2.028227,
-0.179162,
1.997187,
1.510021,
-1.970006,
-0.148182,
1.946418,
1.902620,
-1.926203,
-0.119844,
1.909192,
2.285795,
-1.895232,
-0.093464,
1.884219,
2.667429,
-1.876065,
-0.068462,
1.870720,
3.055015,
-1.868157,
-0.044334,
1.868375,
3.456167,
-1.871399,
-0.020610,
1.877275,
3.879097,
-1.886087,
0.003188,
1.897943,
4.333148,
-1.912984,
0.027544,
1.931394,
4.829517,
-1.953389,
0.053016,
1.979239,
5.382197,
-2.009266,
0.080266,
2.043868,
6.009387,
-2.083510,
0.110134,
2.128765,
6.735647,
-2.180307,
0.143731,
2.238989,
7.595420,
-2.305819,
0.182611,
2.382058,
8.638950,
-2.469265,
0.229066,
2.569415,
9.943059,
-2.685003,
0.286666,
2.819263,
11.631824,
-2.976430,
0.361321,
3.162189,
13.920126,
-3.384312,
0.463689,
3.653721,
17.215980,
-3.986277,
0.615203,
4.405891,
22.401370,
-4.950404,
0.866410,
5.683364,
31.803533,
-6.720475,
1.371972,
8.296687,
54.213450,
-10.973324,
2.944592,
16.506013,
178.337750,
-34.630540,
-47.781820,
-249.443825,
-140.734075,
26.255255,
-2.791782,
-13.628396,
-50.705620,
9.099897,
-1.478478,
-6.772773,
-30.993350,
5.357064,
-1.021757,
-4.405921,
-22.343378,
3.723541,
-0.788801,
-3.210579,
-17.478808,
2.811270,
-0.647026,
-2.491867,
-14.357833,
2.230805,
-0.551353,
-2.013597,
-12.183593,
1.830199,
-0.482248,
-1.673405,
-10.580805,
1.537915,
-0.429859,
-1.419753,
-9.349515,
1.315858,
-0.388688,
-1.223861,
-8.373395,
1.141883,
-0.355408,
-1.068413,
-7.580177,
1.002233,
-0.327905,
-0.942348,
-6.922560,
0.887929,
-0.304756,
-0.838292,
-6.368307,
0.792856,
-0.284981,
-0.751130,
-5.894669,
0.712698,
-0.267869,
-0.677203,
-5.485144,
0.644337,
-0.252901,
-0.613834,
-5.127451,
0.585465,
-0.239683,
-0.559017,
-4.812286,
0.534313,
-0.227925,
-0.511202,
-4.532446,
0.489539,
-0.217381,
-0.469207,
-4.282273,
0.450089,
-0.207871,
-0.432089,
-4.057270,
0.415115,
-0.199243,
-0.399092,
-3.853808,
0.383946,
-0.191378,
-0.369617,
-3.668920,
0.356037,
-0.184178,
-0.343158,
-3.500174,
0.330931,
-0.177556,
-0.319311,
-3.345543,
0.308258,
-0.171445,
-0.297735,
-3.203329,
0.287709,
-0.165788,
-0.278146,
-3.072094,
0.269022,
-0.160532,
-0.260304,
-2.950621,
0.251972,
-0.155638,
-0.244002,
-2.837862,
0.236375,
-0.151061,
-0.229067,
-2.732923,
0.222069,
-0.146792,
-0.215355,
-2.635012,
0.208911,
-0.142778,
-0.202727,
-2.543462,
0.196783,
-0.139005,
-0.191075,
-2.457676,
0.185585,
-0.135452,
-0.180297,
-2.377137,
0.175213,
-0.132101,
-0.170320,
-2.301379,
0.165603,
-0.128934,
-0.161056,
-2.229996,
0.156671,
-0.125936,
-0.152442,
-2.162629,
0.148361,
-0.123094,
-0.144418,
-2.098954,
0.140614,
-0.120400,
-0.136935,
-2.038681,
0.133384,
-0.117833,
-0.129948,
-1.981547,
0.126626,
-0.115394,
-0.123409,
-1.927326,
0.120299,
-0.113070,
-0.117287,
-1.875803,
0.114369,
-0.110855,
-0.111549,
-1.826783,
0.108806,
-0.108736,
-0.106151,
-1.780106,
0.103578,
-0.106713,
-0.101082,
-1.735601,
0.098662,
-0.104781,
-0.096314,
-1.693128,
0.094031,
-0.102925,
-0.091819,
-1.652558,
0.089670,
-0.101152,
-0.087582,
-1.613768,
0.085554,
-0.099449,
-0.083583,
-1.576648,
0.081668,
-0.097813,
-0.079806,
-1.541099,
0.077997,
-0.096247,
-0.076233,
-1.507029,
0.074523,
-0.094740,
-0.072856,
-1.474349,
0.071234,
-0.093290,
-0.069654,
-1.442977,
0.068120,
-0.091893,
-0.066622,
-1.412846,
0.065166,
-0.090549,
-0.063745,
-1.383883,
0.062363,
-0.089255,
-0.061016,
-1.356027,
0.059703,
-0.088006,
-0.058423,
-1.329218,
0.057176,
-0.086802,
-0.055959,
-1.303405,
0.054771,
-0.085643,
-0.053615,
-1.278529,
0.052487,
-0.084518,
-0.051386,
-1.254551,
0.050312,
-0.083434,
-0.049263,
-1.231422,
0.048240,
-0.082384,
-0.047241,
-1.209101,
0.046264,
-0.081373,
-0.045314,
-1.187552,
0.044385,
-0.080394,
-0.043475,
-1.166735,
0.042589,
-0.079444,
-0.041722,
-1.146620,
0.040881,
-0.078533,
-0.040050,
-1.127170,
0.039241,
-0.077638,
-0.038451,
-1.108356,
0.037679,
-0.076776,
-0.036924,
-1.090152,
0.036183,
-0.075938,
-0.035464,
-1.072531,
0.034757,
-0.075130,
-0.034068,
-1.055469,
0.033390,
-0.074341,
-0.032734,
-1.038935,
0.032088,
-0.073581,
-0.031456,
-1.022915,
0.030836,
-0.072842,
-0.030232,
-1.007387,
0.029640,
-0.072121,
-0.029060,
-0.992324,
0.028494,
-0.071426,
-0.027940,
-0.977717,
0.027394,
-0.070748,
-0.026861,
-0.963539,
0.026342,
-0.070089,
-0.025831,
-0.949779,
0.025331,
-0.069448,
-0.024845,
-0.936415,
0.024363,
-0.068829,
-0.023893,
-0.923439,
0.023433,
-0.068222,
-0.022984,
-0.910833,
0.022543,
-0.067634,
-0.022110,
-0.898582,
0.021687,
-0.067060,
-0.021275,
-0.886674,
0.020868,
-0.066504,
-0.020467,
-0.875099,
0.020076,
-0.065961,
-0.019692,
-0.863837,
0.019318,
-0.065433,
-0.018950,
-0.852887,
0.018590,
-0.064918,
-0.018234,
-0.842234,
0.017890,
-0.064419,
-0.017551,
-0.831865,
0.017217,
-0.063930,
-0.016889,
-0.821772,
0.016569,
-0.063455,
-0.016255,
-0.811946,
0.015946,
-0.062992,
-0.015645,
-0.802382,
0.015349,
-0.062541,
-0.015056,
-0.793064,
0.014772,
-0.062100,
-0.014492,
-0.783989,
0.014219,
-0.061671,
-0.013948,
-0.775145,
0.013685,
-0.061241,
-0.013428,
-0.766535,
0.013169,
-0.060846,
-0.012923,
-0.758134,
0.012677,
-0.060447,
-0.012437,
-0.749950,
0.012200,
-0.060058,
-0.011969,
-0.741972,
0.011741,
-0.059676,
-0.011519,
-0.734194,
0.011300,
-0.059310,
-0.011087,
-0.726604,
0.010877,
-0.058948,
-0.010670,
-0.719205,
0.010467,
-0.058596,
-0.010267,
-0.711989,
0.010072,
-0.058252,
-0.009878,
-0.704948,
0.009692,
-0.057918,
-0.009506,
-0.698084,
0.009324,
-0.057590,
-0.009148,
-0.691379,
0.008972,
-0.057269,
-0.008801,
-0.684839,
0.008631,
-0.056956,
-0.008468,
-0.678460,
0.008304,
-0.056653,
-0.008147,
-0.672225,
0.007990,
-0.056354,
-0.007834,
-0.666145,
0.007685,
-0.056064,
-0.007535,
-0.660208,
0.007391,
-0.055776,
-0.007246,
-0.654412,
0.007105,
-0.055500,
-0.006970,
-0.648755,
0.006832,
-0.055229,
-0.006700,
-0.643231,
0.006569,
-0.054964,
-0.006441,
-0.637837,
0.006314,
-0.054704,
-0.006192,
-0.632569,
0.006069,
-0.054453,
-0.005952,
-0.627426,
0.005834,
-0.054206,
-0.005720,
-0.622403,
0.005608,
-0.053964,
-0.005497,
-0.617497,
0.005388,
-0.053729,
-0.005280,
-0.612708,
0.005177,
-0.053498,
-0.005075,
-0.608026,
0.004969,
-0.053273,
-0.004873,
-0.603456,
0.004774,
-0.053052,
-0.004680,
-0.598993,
0.004585,
-0.052837,
-0.004493,
-0.594633,
0.004402,
-0.052628,
-0.004316,
-0.590375,
0.004228,
-0.052422,
-0.004141,
-0.586217,
0.004056,
-0.052222,
-0.003976,
-0.582153,
0.003892,
-0.052025,
-0.003813,
-0.578191,
0.003738,
-0.051833,
-0.003657,
-0.574317,
0.003581,
-0.051646,
-0.003509,
-0.570532,
0.003436,
-0.051464,
-0.003365,
-0.566843,
0.003290,
-0.051283,
-0.003227,
-0.563234,
0.003160,
-0.051111,
-0.003093,
-0.559713,
0.003027,
-0.050941,
-0.002964,
-0.556276,
0.002903,
-0.050774,
-0.002839,
-0.552918,
0.002780,
-0.050614,
-0.002720,
-0.549645,
0.002661,
-0.050457,
-0.002602,
-0.546433,
0.002548,
-0.050299,
-0.002494,
-0.543327,
0.002441,
-0.050147,
-0.002387,
-0.540278,
0.002333,
-0.049998,
-0.002284,
-0.537309,
0.002236,
-0.049858,
-0.002183,
-0.534411,
0.002136,
-0.049715,
-0.002091,
-0.531582,
0.002043,
-0.049578,
-0.001998,
-0.528826,
0.001953,
-0.049443,
-0.001910,
-0.526139,
0.001868,
-0.049313,
-0.001824,
-0.523516,
0.001783,
-0.049187,
-0.001744,
-0.520963,
0.001704,
-0.049062,
-0.001665,
-0.518473,
0.001627,
-0.048942,
-0.001589,
-0.516050,
0.001552,
-0.048826,
-0.001518,
-0.513686,
0.001481,
-0.048710,
-0.001447,
-0.511387,
0.001414,
-0.048598,
-0.001380,
-0.509148,
0.001346,
-0.048489,
-0.001315,
-0.506972,
0.001283,
-0.048384,
-0.001256,
-0.504850,
0.001224,
-0.048281,
-0.001194,
-0.502789,
0.001166,
-0.048181,
-0.001137,
-0.500783,
0.001110,
-0.048082,
-0.001079,
-0.498837,
0.001057,
-0.047990,
-0.001030,
-0.496945,
0.001004,
-0.047898,
-0.000979,
-0.495109,
0.000954,
-0.047808,
-0.000931,
-0.493324,
0.000909,
-0.047723,
-0.000884,
-0.491599,
0.000861,
-0.047637,
-0.000841,
-0.489920,
0.000818,
-0.047556,
-0.000797,
-0.488296,
0.000775,
-0.047478,
-0.000757,
-0.486726,
0.000739,
-0.047400,
-0.000721,
-0.485204,
0.000697,
-0.047328,
-0.000679,
-0.483732,
0.000662,
-0.047256,
-0.000643,
-0.482311,
0.000626,
-0.047187,
-0.000610,
-0.480939,
0.000592,
-0.047121,
-0.000577,
-0.479616,
0.000560,
-0.047058,
-0.000546,
-0.478341,
0.000529,
-0.046994,
-0.000515,
-0.477113,
0.000500,
-0.046935,
-0.000484,
-0.475927,
0.000471,
-0.046877,
-0.000454,
-0.474800,
0.000441,
-0.046818,
-0.000427,
-0.473709,
0.000421,
-0.046772,
-0.000406,
-0.472666,
0.000393,
-0.046720,
-0.000381,
-0.471670,
0.000371,
-0.046672,
-0.000357,
-0.470717,
0.000347,
-0.046627,
-0.000335,
-0.469810,
0.000323,
-0.046583,
-0.000314,
-0.468947,
0.000303,
-0.046541,
-0.000293,
-0.468132,
0.000282,
-0.046502,
-0.000272,
-0.467354,
0.000263,
-0.046466,
-0.000254,
-0.466625,
0.000246,
-0.046429,
-0.000236,
-0.465936,
0.000227,
-0.046396,
-0.000220,
-0.465291,
0.000210,
-0.046364,
-0.000199,
-0.464690,
0.000192,
-0.046338,
-0.000186,
-0.464129,
0.000177,
-0.046310,
-0.000169,
-0.463611,
0.000161,
-0.046286,
-0.000153,
-0.463135,
0.000144,
-0.046262,
-0.000137,
-0.462701,
0.000131,
-0.046241,
-0.000123,
-0.462312,
0.000116,
-0.046225,
-0.000110,
-0.461961,
0.000103,
-0.046208,
-0.000096,
-0.461653,
0.000088,
-0.046193,
-0.000082,
-0.461385,
0.000076,
-0.046184,
-0.000070,
-0.461158,
0.000066,
-0.046172,
-0.000056,
-0.460974,
0.000050,
-0.046164,
-0.000044,
-0.460828,
0.000037,
-0.046157,
-0.000025,
-0.460729,
0.000025,
-0.046154,
-0.000019,
-0.460667,
0.000014,
-0.046151,
-0.000006,