1.0000000000000000000,
0.0000000000000000000,
0.9999835267968045782,
0.0000000000000000000,
0.9999334191881764644,
0.0000000000000000000,
0.9998486271755485655,
0.0000000000000000000,
0.9997280764068827708,
0.0000000000000000000,
0.9995706677315849831,
0.0000000000000000000,
0.9993752767516898006,
0.0000000000000000000,
0.9991407533695341181,
0.0000000000000000000,
0.9988659213321534613,
0.0000000000000000000,
0.9985495777726594024,
0.0000000000000000000,
0.9981904927488707280,
0.0000000000000000000,
0.9977874087794974534,
0.0000000000000000000,
0.9973390403781940972,
0.0000000000000000000,
0.9968440735858271617,
0.0000000000000000000,
0.9963011655013207513,
0.0000000000000000000,
0.9957089438114747892,
0.0000000000000000000,
0.9950660063201741679,
0.0000000000000000000,
0.9943709204774363597,
0.0000000000000000000,
0.9936222229087757762,
0.0000000000000000000,
0.9928184189453919117,
0.0000000000000000000,
0.9919579821557230614,
0.0000000000000000000,
0.9910393538789395995,
0.0000000000000000000,
0.9900609427609879942,
0.0000000000000000000,
0.9890211242938337088,
0.0000000000000000000,
0.9879182403585884398,
0.0000000000000000000,
0.9867505987732497763,
0.0000000000000000000,
0.9855164728458239987,
0.0000000000000000000,
0.9842141009336456969,
0.0000000000000000000,
0.9828416860097551888,
0.0000000000000000000,
0.9813973952372444520,
0.0000000000000000000,
0.9798793595525291389,
0.0000000000000000000,
0.9782856732585624160,
0.0000000000000000000,
0.9766143936290563321,
0.0000000000000000000,
0.9748635405248363694,
0.0000000000000000000,
0.9730310960235151185,
0.0000000000000000000,
0.9711150040637303027,
0.0000000000000000000,
0.9691131701052611014,
0.0000000000000000000,
0.9670234608064003368,
0.0000000000000000000,
0.9648437037200336963,
0.0000000000000000000,
0.9625716870099462197,
0.0000000000000000000,
0.9602051591889558813,
0.0000000000000000000,
0.9577418288805512603,
0.0000000000000000000,
0.9551793646057903375,
0.0000000000000000000,
0.9525153945973054981,
0.0000000000000000000,
0.9497475066423454182,
0.0000000000000000000,
0.9468732479568781057,
0.0000000000000000000,
0.9438901250928704023,
0.0000000000000000000,
0.9407956038809623944,
0.0000000000000000000,
0.9375871094108526593,
0.0000000000000000000,
0.9342620260518168518,
0.0000000000000000000,
0.9308176975158918287,
0.0000000000000000000,
0.9272514269663680864,
0.0000000000000000000,
0.9235604771743525232,
0.0000000000000000000,
0.9197420707262803363,
0.0000000000000000000,
0.9157933902853804264,
0.0000000000000000000,
0.9117115789102278045,
0.0000000000000000000,
0.9074937404336459457,
0.0000000000000000000,
0.9031369399053601477,
0.0000000000000000000,
0.8986382041019399525,
0.0000000000000000000,
0.8939945221077172377,
0.0000000000000000000,
0.8892028459705101362,
0.0000000000000000000,
0.8842600914361357090,
0.0000000000000000000,
0.8791631387658545016,
0.0000000000000000000,
0.8739088336410436586,
0.0000000000000000000,
0.8684939881595651334,
0.0000000000000000000,
0.8629153819284599569,
0.0000000000000000000,
0.8571697632577719439,
0.0000000000000000000,
0.8512538504604811873,
0.0000000000000000000,
0.8451643332637049921,
0.0000000000000000000,
0.8388978743365074209,
0.0000000000000000000,
0.8324511109398440301,
0.0000000000000000000,
0.8258206567043587798,
0.0000000000000000000,
0.8190031035419379490,
0.0000000000000000000,
0.8119950236971282820,
0.0000000000000000000,
0.8047929719447135533,
0.0000000000000000000,
0.7973934879399517950,
0.0000000000000000000,
0.7897930987281702730,
0.0000000000000000000,
0.7819883214206208022,
0.0000000000000000000,
0.7739756660436990510,
0.0000000000000000000,
0.7657516385688349914,
0.0000000000000000000,
0.7573127441305670393,
0.0000000000000000000,
0.7486554904405116062,
0.0000000000000000000,
0.7397763914051447287,
0.0000000000000000000,
0.7306719709555060671,
0.0000000000000000000,
0.7213387670971398435,
0.0000000000000000000,
0.7117733361887721433,
0.0000000000000000000,
0.7019722574584147390,
0.0000000000000000000,
0.6919321377657703387,
0.0000000000000000000,
0.6816496166199856876,
0.0000000000000000000,
0.6711213714619697068,
0.0000000000000000000,
0.6603441232206485045,
0.0000000000000000000,
0.6493146421526875267,
0.0000000000000000000,
0.6380297539753277958,
0.0000000000000000000,
0.6264863463021275169,
0.0000000000000000000,
0.6146813753914937006,
0.0000000000000000000,
0.6026118732179834847,
0.0000000000000000000,
0.5902749548764205656,
0.0000000000000000000,
0.5776678263289355408,
0.0000000000000000000,
0.5647877925050452941,
0.0000000000000000000,
0.5516322657649083139,
0.0000000000000000000,
0.5381987747358488727,
0.0000000000000000000,
0.5244849735321918116,
0.0000000000000000000,
0.5104886513683576377,
0.0000000000000000000,
0.4962077425750359150,
0.0000000000000000000,
0.4816403370280821772,
0.0000000000000000000,
0.4667846909995753135,
0.0000000000000000000,
0.4516392384402087012,
0.0000000000000000000,
0.4362026027018725549,
0.0000000000000000000,
0.4204736087089218644,
0.0000000000000000000,
0.4044512955861955805,
0.0000000000000000000,
0.3881349297513539409,
0.0000000000000000000,
0.3715240184785509880,
0.0000000000000000000,
0.3546183239398127407,
0.0000000000000000000,
0.3374178777297835996,
0.0000000000000000000,
0.3199229958786979355,
0.0000000000000000000,
0.3021342943575515694,
0.0000000000000000000,
0.2840527050784477092,
0.0000000000000000000,
0.2656794923920067775,
0.0000000000000000000,
0.2470162700825359603,
0.0000000000000000000,
0.2280650188603184081,
0.0000000000000000000,
0.2088281043489556565,
0.0000000000000000000,
0.1893082955641157139,
0.0000000000000000000,
0.1695087838783287670,
0.0000000000000000000,
0.1494332024646062573,
0.0000000000000000000,
0.1290856462096574564,
0.0000000000000000000,
0.1084706920852851197,
0.0000000000000000000,
0.0875934199641948408,
0.0000000000000000000,
0.0664594338639274279,
0.0000000000000000000,
0.0450748835998903766,
0.0000000000000000000,
0.0234464868255458009,
0.0000000000000000000,
0.0015815514346930295,
0.0000000000000000000,
-0.0205120017025826398,
0.0000000000000000000,
-0.0428256157022812375,
0.0000000000000000000,
-0.0653500743629915892,
0.0000000000000000000,
-0.0880754786363838055,
0.0000000000000000000,
-0.1109912229158704633,
0.0000000000000000000,
-0.1340859711921883746,
0.0000000000000000000,
-0.1573476331294992592,
0.0000000000000000000,
-0.1807633401207462409,
0.0000000000000000000,
-0.2043194213864117648,
0.0000000000000000000,
-0.2280013801865546641,
0.0000000000000000000,
-0.2517938702219960634,
0.0000000000000000000,
-0.2756806723068880860,
0.0000000000000000000,
-0.2996446714015089663,
0.0000000000000000000,
-0.3236678341011102744,
0.0000000000000000000,
-0.3477311866839110088,
0.0000000000000000000,
-0.3718147938289423360,
0.0000000000000000000,
-0.3958977381223765524,
0.0000000000000000000,
-0.4199581004792062311,
0.0000000000000000000,
-0.4439729416157120467,
0.0000000000000000000,
-0.4679182847170236248,
0.0000000000000000000,
-0.4917690994532468718,
0.0000000000000000000,
-0.5154992875070913971,
0.0000000000000000000,
-0.5390816697856595230,
0.0000000000000000000,
-0.5624879754990527170,
0.0000000000000000000,
-0.5856888332986593948,
0.0000000000000000000,
-0.6086537646784283551,
0.0000000000000000000,
-0.6313511798530132557,
0.0000000000000000000,
-0.6537483763374362100,
0.0000000000000000000,
-0.6758115404637383694,
0.0000000000000000000,
-0.6975057520809837541,
0.0000000000000000000,
-0.7187949926958742131,
0.0000000000000000000,
-0.7396421573220419710,
0.0000000000000000000,
-0.7600090703167957651,
0.0000000000000000000,
-0.7798565054945829633,
0.0000000000000000000,
-0.7991442108166177949,
0.0000000000000000000,
-0.8178309379659610689,
0.0000000000000000000,
-0.8358744771266525264,
0.0000000000000000000,
-0.8532316972942473043,
0.0000000000000000000,
-0.8698585924531204716,
0.0000000000000000000,
-0.8857103339630678640,
0.0000000000000000000,
-0.9007413295038999568,
0.0000000000000000000,
-0.9149052889317308424,
0.0000000000000000000,
-0.9281552974043563164,
0.0000000000000000000,
-0.9404438961352660220,
0.0000000000000000000,
-0.9517231711363179913,
0.0000000000000000000,
-0.9619448503076258872,
0.0000000000000000000,
-0.9710604092296020173,
0.0000000000000000000,
-0.9790211860061173166,
0.0000000000000000000,
-0.9857785054990670925,
0.0000000000000000000,
-0.9912838132831078841,
0.0000000000000000000,
-0.9954888196345427209,
0.0000000000000000000,
-0.9983456538500932176,
0.0000000000000000000,
-0.9998070291692060518,
0.0000000000000000000,
-0.9998264185473386689,
0.0000000000000000000,
-0.9983582414969606189,
0.0000000000000000000,
-0.9953580621774781312,
0.0000000000000000000,
-0.9907827988745609993,
0.0000000000000000000,
-0.9845909449630561028,
0.0000000000000000000,
-0.9767428013954392307,
0.0000000000000000000,
-0.9672007206991952710,
0.0000000000000000000,
-0.9559293624012672463,
0.0000000000000000000,
-0.9428959597253607772,
0.0000000000000000000,
-0.9280705973281101473,
0.0000000000000000000,
-0.9114264997524909040,
0.0000000000000000000,
-0.8929403301811082994,
0.0000000000000000000,
-0.8725924989677215082,
0.0000000000000000000,
-0.8503674813123413001,
0.0000000000000000000,
-0.8262541433231501697,
0.0000000000000000000,
-0.8002460755771647616,
0.0000000000000000000,
-0.7723419331507839214,
0.0000000000000000000,
-0.7425457809410687116,
0.0000000000000000000,
-0.7108674429387449312,
0.0000000000000000000,
-0.6773228539444867691,
0.0000000000000000000,
-0.6419344120413663646,
0.0000000000000000000,
-0.6047313299483630944,
0.0000000000000000000,
-0.5657499831832814019,
0.0000000000000000000,
-0.5250342527585352137,
0.0000000000000000000,
-0.4826358599208440681,
0.0000000000000000000,
-0.4386146902267177849,
0.0000000000000000000,
-0.3930391040208056075,
0.0000000000000000000,
-0.3459862301548509711,
0.0000000000000000000,
-0.2975422395526866048,
0.0000000000000000000,
-0.2478025949931411120,
0.0000000000000000000,
-0.1968722732497825145,
0.0000000000000000000,
-0.1448659554964029650,
0.0000000000000000000,
-0.0919081816627572434,
0.0000000000000000000,
-0.0381334642088195647,
0.0000000000000000000,
0.0163136434186431367,
0.0000000000000000000,
0.0712785285727022128,
0.0000000000000000000,
0.1265965565319556452,
0.0000000000000000000,
0.1820931682078169023,
0.0000000000000000000,
0.2375840437946296069,
0.0000000000000000000,
0.2928753378091283888,
0.0000000000000000000,
0.3477639910123122569,
0.0000000000000000000,
0.4020381247086125542,
0.0000000000000000000,
0.4554775228681172128,
0.0000000000000000000,
0.5078542074108655102,
0.0000000000000000000,
0.5589331118207866433,
0.0000000000000000000,
0.6084728580138408782,
0.0000000000000000000,
0.6562266410622117352,
0.0000000000000000000,
0.7019432259669635688,
0.0000000000000000000,
0.7453680601670823469,
0.0000000000000000000,
0.7862445048658617264,
0.0000000000000000000,
0.8243151875381532490,
0.0000000000000000000,
0.8593234771467557209,
0.0000000000000000000,
0.8910150826359347631,
0.0000000000000000000,
0.9191397741781536235,
0.0000000000000000000,
0.9434532254205927337,
0.0000000000000000000,
0.9637189736059910139,
0.0000000000000000000,
0.9797104929238484861,
0.0000000000000000000,
0.9912133747806813888,
0.0000000000000000000,
0.9980276068609668094,
0.0000000000000000000,
0.9999699408849516136,
0.0000000000000000000,
0.9968763368590496388,
0.0000000000000000000,
0.9886044693653377458,
0.0000000000000000000,
0.9750362790577935534,
0.0000000000000000000,
0.9560805500369882193,
0.0000000000000000000,
0.9316754911782368920,
0.0000000000000000000,
0.9017912968112302696,
0.0000000000000000000,
0.8664326594169102780,
0.0000000000000000000,
0.8256412042497921489,
0.0000000000000000000,
0.7794978130462906218,
0.0000000000000000000,
0.7281248012826854188,
0.0000000000000000000,
0.6716879108469535620,
0.0000000000000000000,
0.6103980775395113634,
0.0000000000000000000,
0.5445129305781920559,
0.0000000000000000000,
0.4743379793176673576,
0.0000000000000000000,
0.4002274407748465657,
0.0000000000000000000,
0.3225846603570257654,
0.0000000000000000000,
0.2418620775019403313,
0.0000000000000000000,
0.1585606878468975578,
0.0000000000000000000,
0.0732289541405222594,
0.0000000000000000000,
-0.0135388805091021507,
0.0000000000000000000,
-0.1011051211931525834,
0.0000000000000000000,
-0.1887916324676298940,
0.0000000000000000000,
-0.2758835689047344775,
0.0000000000000000000,
-0.3616338560167289273,
0.0000000000000000000,
-0.4452684458891783548,
0.0000000000000000000,
-0.5259923637743876279,
0.0000000000000000000,
-0.6029965524093775509,
0.0000000000000000000,
-0.6754655098862122342,
0.0000000000000000000,
-0.7425857044882290259,
0.0000000000000000000,
-0.8035547360097392566,
0.0000000000000000000,
-0.8575911977253476426,
0.0000000000000000000,
-0.9039451764288438662,
0.0000000000000000000,
-0.9419093099204951525,
0.0000000000000000000,
-0.9708303021308833936,
0.0000000000000000000,
-0.9901207759236965167,
0.0000000000000000000,
-0.9992713227685079413,
0.0000000000000000000,
-0.9978625872263192642,
0.0000000000000000000,
-0.9855772029164673320,
0.0000000000000000000,
-0.9622113757707204673,
0.0000000000000000000,
-0.9276858904333216138,
0.0000000000000000000,
-0.8820562972065868479,
0.0000000000000000000,
-0.8255220206087118262,
0.0000000000000000000,
-0.7584341171045551055,
0.0000000000000000000,
-0.6813013996480086210,
0.0000000000000000000,
-0.5947946411408938650,
0.0000000000000000000,
-0.4997485686064139232,
0.0000000000000000000,
-0.3971613656532050340,
0.0000000000000000000,
-0.2881914135261569587,
0.0000000000000000000,
-0.1741510215333059164,
0.0000000000000000000,
-0.0564969266844405002,
0.0000000000000000000,
0.0631826193320579738,
0.0000000000000000000,
0.1831843096000864146,
0.0000000000000000000,
0.3017098632909553935,
0.0000000000000000000,
0.4168897355269461924,
0.0000000000000000000,
0.5268103833585326967,
0.0000000000000000000,
0.6295449262929740941,
0.0000000000000000000,
0.7231869413866494067,
0.0000000000000000000,
0.8058870263018503843,
0.0000000000000000000,
0.8758916504866309793,
0.0000000000000000000,
0.9315836968031309118,
0.0000000000000000000,
0.9715239760601017682,
0.0000000000000000000,
0.9944928780852622108,
0.0000000000000000000,
0.9995312088275093432,
0.0000000000000000000,
0.9859791576535881230,
0.0000000000000000000,
0.9535122471312671433,
0.0000000000000000000,
0.9021730442253221849,
0.0000000000000000000,
0.8323973623581949477,
0.0000000000000000000,
0.7450336637917412963,
0.0000000000000000000,
0.6413543869012242604,
0.0000000000000000000,
0.5230579786119641250,
0.0000000000000000000,
0.3922605136363130907,
0.0000000000000000000,
0.2514759336024368630,
0.0000000000000000000,
0.1035841441544043118,
0.0000000000000000000,
-0.0482135312291985946,
0.0000000000000000000,
-0.2004517251178497272,
0.0000000000000000000,
-0.3494710406638525946,
0.0000000000000000000,
-0.4915000975429104635,
0.0000000000000000000,
-0.6227485337364563334,
0.0000000000000000000,
-0.7395093867546674860,
0.0000000000000000000,
-0.8382687553471747099,
0.0000000000000000000,
-0.9158201146072864063,
0.0000000000000000000,
-0.9693801430845551126,
0.0000000000000000000,
-0.9967024426594301989,
0.0000000000000000000,
-0.9961851158733380229,
0.0000000000000000000,
-0.9669678387323313862,
0.0000000000000000000,
-0.9090138587050274888,
0.0000000000000000000,
-0.8231722870496334110,
0.0000000000000000000,
-0.7112161700805489373,
0.0000000000000000000,
-0.5758521413098841579,
0.0000000000000000000,
-0.4206979969904042771,
0.0000000000000000000,
-0.2502253164960216436,
0.0000000000000000000,
-0.0696652727769322688,
0.0000000000000000000,
0.1151229572270175971,
0.0000000000000000000,
0.2978202835630617828,
0.0000000000000000000,
0.4718497153074064365,
0.0000000000000000000,
0.6306078859117619784,
0.0000000000000000000,
0.7677197747977899667,
0.0000000000000000000,
0.8773083977111494347,
0.0000000000000000000,
0.9542694234057316205,
0.0000000000000000000,
0.9945390652060629444,
0.0000000000000000000,
0.9953423137039028035,
0.0000000000000000000,
0.9554077475992392987,
0.0000000000000000000,
0.8751349089588406072,
0.0000000000000000000,
0.7567006737352194312,
0.0000000000000000000,
0.6040922873150653682,
0.0000000000000000000,
0.4230568393852157105,
0.0000000000000000000,
0.2209599553490897150,
0.0000000000000000000,
0.0065503668372067104,
0.0000000000000000000,
-0.2103682830420845751,
0.0000000000000000000,
-0.4193516840631347220,
0.0000000000000000000,
-0.6098026224822644670,
0.0000000000000000000,
-0.7715137485111096538,
0.0000000000000000000,
-0.8952410297286583774,
0.0000000000000000000,
-0.9732783631523919121,
0.0000000000000000000,
-0.9999996545939662251,
0.0000000000000000000,
-0.9723320241718441670,
0.0000000000000000000,
-0.8901231163407444802,
0.0000000000000000000,
-0.7563671845666678495,
0.0000000000000000000,
-0.5772589934391735289,
0.0000000000000000000,
-0.3620518036420292129,
0.0000000000000000000,
-0.1227057629111363429,
0.0000000000000000000,
0.1266743195919412535,
0.0000000000000000000,
0.3705980793053161859,
0.0000000000000000000,
0.5931157443100851800,
0.0000000000000000000,
0.7788650663792693329,
0.0000000000000000000,
0.9141772960937402104,
0.0000000000000000000,
0.9881673585806161064,
0.0000000000000000000,
0.9937241784770728392,
0.0000000000000000000,
0.9283132797601120201,
0.0000000000000000000,
0.7945066587648662582,
0.0000000000000000000,
0.6001654666788936998,
0.0000000000000000000,
0.3582197002928948493,
0.0000000000000000000,
0.0860156762553922760,
0.0000000000000000000,
-0.1957644556493653987,
0.0000000000000000000,
-0.4645684086965290449,
0.0000000000000000000,
-0.6977411721275617040,
0.0000000000000000000,
-0.8744712246072874340,
0.0000000000000000000,
-0.9777586835917896346,
0.0000000000000000000,
-0.9962244893178067162,
0.0000000000000000000,
-0.9255698905378357821,
0.0000000000000000000,
-0.7695035103875205174,
0.0000000000000000000,
-0.5399815455495774463,
0.0000000000000000000,
-0.2566558379522448363,
0.0000000000000000000,
0.0545069480534591255,
0.0000000000000000000,
0.3633881834124380039,
0.0000000000000000000,
0.6385233695556341571,
0.0000000000000000000,
0.8503216507874309382,
0.0000000000000000000,
0.9743898300657000133,
0.0000000000000000000,
0.9945966068631021395,
0.0000000000000000000,
0.9054923310898803646,
0.0000000000000000000,
0.7137230986774776298,
0.0000000000000000000,
0.4381505901545211801,
0.0000000000000000000,
0.1085102378845570065,
0.0000000000000000000,
-0.2373970598602921922,
0.0000000000000000000,
-0.5577947811489558649,
0.0000000000000000000,
-0.8119217664358148179,
0.0000000000000000000,
-0.9653690222557188561,
0.0000000000000000000,
-0.9950815922801528046,
0.0000000000000000000,
-0.8932962805624120595,
0.0000000000000000000,
-0.6697359468650646575,
0.0000000000000000000,
-0.3515400505308809986,
0.0000000000000000000,
0.0193253027250750858,
0.0000000000000000000,
0.3910885058099987099,
0.0000000000000000000,
0.7091472194633630100,
0.0000000000000000000,
0.9241443891561114121,
0.0000000000000000000,
0.9999967089405021881,
0.0000000000000000000,
0.9205735245324218052,
0.0000000000000000000,
0.6937671973129218017,
0.0000000000000000000,
0.3519639644388734001,
0.0000000000000000000,
-0.0515891649711933964,
0.0000000000000000000,
-0.4503695604073492120,
0.0000000000000000000,
-0.7752290251694587964,
0.0000000000000000000,
-0.9665327651051970337,
0.0000000000000000000,
-0.9857109160459009978,
0.0000000000000000000,
-0.8239681553555479043,
0.0000000000000000000,
-0.5061365981775148848,
0.0000000000000000000,
-0.0883428482236707224,
0.0000000000000000000,
0.3507690777802886517,
0.0000000000000000000,
0.7242181665721640904,
0.0000000000000000000,
0.9539421284678080148,
0.0000000000000000000,
0.9878122617293197960,
0.0000000000000000000,
0.8126807959652952995,
0.0000000000000000000,
0.4601025808190900013,
0.0000000000000000000,
0.0025783235981248283,
0.0000000000000000000,
-0.4599246145903088667,
0.0000000000000000000,
-0.8211406793299285134,
0.0000000000000000000,
-0.9931827904911879612,
0.0000000000000000000,
-0.9290955984813361601,
0.0000000000000000000,
-0.6374039807609518382,
0.0000000000000000000,
-0.1840143500324261661,
0.0000000000000000000,
0.3205033041260276216,
0.0000000000000000000,
0.7465888392693869058,
0.0000000000000000000,
0.9788911709619424473,
0.0000000000000000000,
0.9487143296349213051,
0.0000000000000000000,
0.6564938574579661790,
0.0000000000000000000,
0.1766911340431121524,
0.0000000000000000000,
-0.3583751344541593054,
0.0000000000000000000,
-0.7933843145250353279,
0.0000000000000000000,
-0.9951138553573144474,
0.0000000000000000000,
-0.8949632779420575446,
0.0000000000000000000,
-0.5151268875392017721,
0.0000000000000000000,
0.0319436362529040632,
0.0000000000000000000,
0.5737089288382350993,
0.0000000000000000000,
0.9306335660061433313,
0.0000000000000000000,
0.9766433144106166919,
0.0000000000000000000,
0.6866472372447252059,
0.0000000000000000000,
0.1526680963846637762,
0.0000000000000000000,
-0.4409197856807282045,
0.0000000000000000000,
-0.8785750417044393412,
0.0000000000000000000,
-0.9922295372216251019,
0.0000000000000000000,
-0.7290222478771725134,
0.0000000000000000000,
-0.1801856987636075158,
0.0000000000000000000,
0.4449941162352789026,
0.0000000000000000000,
0.8957900072925166768,
0.0000000000000000000,
0.9810066876830607630,
0.0000000000000000000,
0.6540662548241985563,
0.0000000000000000000,
0.0433902426452109843,
0.0000000000000000000,
-0.5916614164880475979,
0.0000000000000000000,
-0.9678886200409234641,
0.0000000000000000000,
-0.9061978624070544663,
0.0000000000000000000,
-0.4225959332946376823,
0.0000000000000000000,
0.2656349079982507910,
0.0000000000000000000,
0.8312664653418456728,
0.0000000000000000000,
0.9914928200095788347,
0.0000000000000000000,
0.6539659956113886841,
0.0000000000000000000,
-0.0222145070246894463,
0.0000000000000000000,
-0.6924710159328927306,
0.0000000000000000000,
-0.9984627709022932951,
0.0000000000000000000,
-0.7630358043790071987,
0.0000000000000000000,
-0.1016639069381275462,
0.0000000000000000000,
0.6227891072515955306,
0.0000000000000000000,
0.9932467520163752450,
0.0000000000000000000,
0.7812812387955440085,
0.0000000000000000000,
0.0979575730348334617,
0.0000000000000000000,
-0.6509304247795589804,
0.0000000000000000000,
-0.9989119734968391340,
0.0000000000000000000,
-0.7128940495129515442,
0.0000000000000000000,
0.0387924504712794938,
0.0000000000000000000,
0.7706730493680598038,
0.0000000000000000000,
0.9873922596526808482,
0.0000000000000000000,
0.5253417991586851743,
0.0000000000000000000,
-0.3093901330443596387,
0.0000000000000000000,
-0.9288377319154614842,
0.0000000000000000000,
-0.8745369908698199524,
0.0000000000000000000,
-0.1685893790021994743,
0.0000000000000000000,
0.6705963828710744812,
0.0000000000000000000,
0.9969554006333795071,
0.0000000000000000000,
0.5391114342163136897,
0.0000000000000000000,
-0.3556443637939326052,
0.0000000000000000000,
-0.9652275837231791833,
0.0000000000000000000,
-0.7724853049000799388,
0.0000000000000000000,
0.0796323208813912581,
0.0000000000000000000,
0.8685208541979848595,
0.0000000000000000000,
0.8942502085352567187,
0.0000000000000000000,
0.1136364167902463723,
0.0000000000000000000,
-0.7766539335056108495,
0.0000000000000000000,
-0.9453222625043059546,
0.0000000000000000000,
-0.2127039734040201968,
0.0000000000000000000,
0.7315370031585786137,
0.0000000000000000000,
0.9566628888644154172,
0.0000000000000000000,
0.2169779530264985268,
0.0000000000000000000,
-0.7505506130735946080,
0.0000000000000000000,
-0.9370059396070654634,
0.0000000000000000000,
-0.1236579142554182498,
0.0000000000000000000,
0.8290283359978516398,
0.0000000000000000000,
0.8681204458308350302,
0.0000000000000000000,
-0.0729523459754780196,
0.0000000000000000000,
-0.9353179382319924962,
0.0000000000000000000
