6.456282,
0.000000,
6.463120,
0.043327,
6.483747,
0.087109,
6.518511,
0.131824,
6.568029,
0.177979,
6.633176,
0.226121,
6.715169,
0.276873,
6.815613,
0.330947,
6.936580,
0.389186,
7.080756,
0.452601,
7.251606,
0.522444,
7.453622,
0.600267,
7.692695,
0.688079,
7.976650,
0.788489,
8.316077,
0.904986,
8.725603,
1.042378,
9.226016,
1.207438,
9.847784,
1.410089,
10.637459,
1.665461,
11.669816,
1.997843,
13.073055,
2.448874,
15.086806,
3.096391,
18.216954,
4.104716,
23.747500,
5.890997,
36.172223,
9.915287,
89.942540,
27.371440,
-125.002588,
-42.485565,
-32.834935,
-12.557924,
-17.439558,
-7.577586,
-11.071676,
-5.533098,
-7.572355,
-4.423470,
-5.344495,
-3.729999,
-3.788876,
-3.258228,
-2.629839,
-2.918872,
-1.722644,
-2.665230,
-0.983761,
-2.470546,
-0.361377,
-2.318429,
0.178591,
-2.198338,
0.659738,
-2.103214,
1.099203,
-2.028227,
1.510022,
-1.970005,
1.902620,
-1.926204,
2.285798,
-1.895232,
2.667428,
-1.876065,
3.055015,
-1.868157,
3.456170,
-1.871395,
3.879097,
-1.886088,
4.333148,
-1.912985,
4.829516,
-1.953389,
5.382197,
-2.009266,
6.009387,
-2.083509,
6.735647,
-2.180306,
7.595420,
-2.305820,
8.638952,
-2.469265,
9.943058,
-2.685003,
11.631824,
-2.976430,
13.920126,
-3.384311,
17.215980,
-3.986277,
22.401365,
-4.950403,
31.803533,
-6.720474,
54.213450,
-10.973324,
178.337738,
-34.630528,
-140.734075,
26.255258,
-50.705610,
9.099895,
-30.993350,
5.357064,
-22.343378,
3.723541,
-17.478805,
2.811270,
-14.357830,
2.230804,
-12.183593,
1.830199,
-10.580805,
1.537913,
-9.349514,
1.315862,
-8.373397,
1.141882,
-7.580177,
1.002234,
-6.922560,
0.887929,
-6.368307,
0.792856,
-5.894668,
0.712697,
-5.485143,
0.644337,
-5.127454,
0.585463,
-4.812288,
0.534313,
-4.532445,
0.489540,
-4.282273,
0.450089,
-4.057270,
0.415115,
-3.853807,
0.383946,
-3.668920,
0.356037,
-3.500174,
0.330931,
-3.345543,
0.308257,
-3.203328,
0.287709,
-3.072095,
0.269022,
-2.950620,
0.251973,
-2.837861,
0.236373,
-2.732917,
0.222067,
-2.635011,
0.208910,
-2.543461,
0.196784,
-2.457677,
0.185585,
-2.377137,
0.175216,
-2.301378,
0.165602,
-2.229996,
0.156671,
-2.162629,
0.148361,
-2.098953,
0.140614,
-2.038681,
0.133382,
-1.981548,
0.126626,
-1.927328,
0.120298,
-1.875805,
0.114369,
-1.826788,
0.108805,
-1.780107,
0.103578,
-1.735599,
0.098661,
-1.693127,
0.094032,
-1.652558,
0.089670,
-1.613767,
0.085554,
-1.576650,
0.081668,
-1.541100,
0.077997,
-1.507030,
0.074523,
-1.474349,
0.071234,
-1.442977,
0.068120,
-1.412845,
0.065166,
-1.383884,
0.062362,
-1.356027,
0.059703,
-1.329219,
0.057176,
-1.303405,
0.054770,
-1.278530,
0.052485,
-1.254551,
0.050312,
-1.231423,
0.048239,
-1.209102,
0.046266,
-1.187551,
0.044385,
-1.166736,
0.042589,
-1.146621,
0.040875,
-1.127171,
0.039241,
-1.108355,
0.037679,
-1.090152,
0.036183,
-1.072530,
0.034755,
-1.055467,
0.033388,
-1.038936,
0.032088,
-1.022916,
0.030836,
-1.007386,
0.029639,
-0.992323,
0.028492,
-0.977716,
0.027393,
-0.963539,
0.026342,
-0.949779,
0.025330,
-0.936414,
0.024364,
-0.923439,
0.023433,
-0.910833,
0.022543,
-0.898582,
0.021686,
-0.886674,
0.020867,
-0.875099,
0.020077,
-0.863837,
0.019318,
-0.852887,
0.018590,
-0.842234,
0.017890,
-0.831862,
0.017217,
-0.821772,
0.016569,
-0.811946,
0.015946,
-0.802381,
0.015349,
-0.793064,
0.014771,
-0.783988,
0.014218,
-0.775144,
0.013687,
-0.766532,
0.013171,
-0.758132,
0.012677,
-0.749949,
0.012200,
-0.741969,
0.011745,
-0.734191,
0.011302,
-0.726604,
0.010877,
-0.719205,
0.010467,
-0.711990,
0.010072,
-0.704949,
0.009693,
-0.698081,
0.009325,
-0.691378,
0.008971,
-0.684839,
0.008633,
-0.678455,
0.008307,
-0.672226,
0.007988,
-0.666144,
0.007684,
-0.660209,
0.007390,
-0.654412,
0.007105,
-0.648754,
0.006832,
-0.643231,
0.006568,
-0.637837,
0.006314,
-0.632569,
0.006069,
-0.627426,
0.005834,
-0.622403,
0.005608,
-0.617497,
0.005388,
-0.612708,
0.005177,
-0.608025,
0.004969,
-0.603455,
0.004775,
-0.598993,
0.004586,
-0.594633,
0.004402,
-0.590375,
0.004227,
-0.586216,
0.004056,
-0.582153,
0.003892,
-0.578190,
0.003735,
-0.574315,
0.003582,
-0.570535,
0.003435,
-0.566839,
0.003299,
-0.563234,
0.003163,
-0.559712,
0.003027,
-0.556276,
0.002903,
-0.552918,
0.002779,
-0.549645,
0.002663,
-0.546433,
0.002552,
-0.543325,
0.002438,
-0.540279,
0.002335,
-0.537310,
0.002236,
-0.534411,
0.002137,
-0.531583,
0.002044,
-0.528826,
0.001953,
-0.526138,
0.001868,
-0.523517,
0.001784,
-0.520963,
0.001704,
-0.518474,
0.001626,
-0.516051,
0.001552,
-0.513686,
0.001481,
-0.511387,
0.001414,
-0.509148,
0.001347,
-0.506971,
0.001284,
-0.504848,
0.001225,
-0.502788,
0.001165,
-0.500783,
0.001108,
-0.498837,
0.001057,
-0.496946,
0.001003,
-0.495109,
0.000954,
-0.493325,
0.000907,
-0.491598,
0.000861,
-0.489920,
0.000820,
-0.488295,
0.000776,
-0.486722,
0.000737,
-0.485204,
0.000696,
-0.483732,
0.000661,
-0.482311,
0.000626,
-0.480937,
0.000591,
-0.479615,
0.000559,
-0.478340,
0.000531,
-0.477112,
0.000500,
-0.475927,
0.000471,
-0.474796,
0.000446,
-0.473701,
0.000418,
-0.472668,
0.000394,
-0.471669,
0.000371,
-0.470717,
0.000347,
-0.469811,
0.000324,
-0.468946,
0.000303,
-0.468132,
0.000282,
-0.467353,
0.000264,
-0.466625,
0.000245,
-0.465936,
0.000227,
-0.465292,
0.000211,
-0.464690,
0.000192,
-0.464127,
0.000179,
-0.463612,
0.000161,
-0.463136,
0.000145,
-0.462702,
0.000131,
-0.462311,
0.000117,
-0.461961,
0.000104,
-0.461653,
0.000088,
-0.461387,
0.000076,
-0.461157,
0.000066,
-0.460975,
0.000050,
-0.460833,
0.000038,
-0.460727,
0.000025,
-0.460666,
0.000013,
-0.460645,
0.000000,
-0.460666,
-0.000014,
-0.460732,
-0.000025,
-0.460830,
-0.000039,
-0.460976,
-0.000050,
-0.461157,
-0.000065,
-0.461387,
-0.000075,
-0.461653,
-0.000088,
-0.461961,
-0.000103,
-0.462311,
-0.000117,
-0.462702,
-0.000131,
-0.463137,
-0.000145,
-0.463612,
-0.000161,
-0.464127,
-0.000179,
-0.464690,
-0.000192,
-0.465290,
-0.000211,
-0.465936,
-0.000227,
-0.466625,
-0.000246,
-0.467354,
-0.000264,
-0.468132,
-0.000283,
-0.468946,
-0.000303,
-0.469811,
-0.000324,
-0.470717,
-0.000347,
-0.471670,
-0.000370,
-0.472668,
-0.000392,
-0.473709,
-0.000420,
-0.474796,
-0.000443,
-0.475929,
-0.000472,
-0.477112,
-0.000499,
-0.478339,
-0.000530,
-0.479615,
-0.000559,
-0.480938,
-0.000592,
-0.482311,
-0.000626,
-0.483732,
-0.000662,
-0.485205,
-0.000696,
-0.486725,
-0.000736,
-0.488295,
-0.000775,
-0.489920,
-0.000819,
-0.491598,
-0.000862,
-0.493325,
-0.000909,
-0.495109,
-0.000954,
-0.496945,
-0.001003,
-0.498837,
-0.001057,
-0.500783,
-0.001108,
-0.502788,
-0.001166,
-0.504849,
-0.001225,
-0.506971,
-0.001284,
-0.509148,
-0.001347,
-0.511386,
-0.001414,
-0.513686,
-0.001481,
-0.516050,
-0.001552,
-0.518474,
-0.001626,
-0.520963,
-0.001704,
-0.523517,
-0.001783,
-0.526138,
-0.001868,
-0.528826,
-0.001953,
-0.531584,
-0.002043,
-0.534411,
-0.002136,
-0.537310,
-0.002236,
-0.540279,
-0.002334,
-0.543324,
-0.002439,
-0.546440,
-0.002552,
-0.549652,
-0.002661,
-0.552916,
-0.002779,
-0.556276,
-0.002903,
-0.559711,
-0.003028,
-0.563235,
-0.003161,
-0.566837,
-0.003294,
-0.570535,
-0.003436,
-0.574316,
-0.003583,
-0.578190,
-0.003736,
-0.582153,
-0.003892,
-0.586217,
-0.004056,
-0.590374,
-0.004227,
-0.594634,
-0.004402,
-0.598993,
-0.004586,
-0.603455,
-0.004775,
-0.608024,
-0.004969,
-0.612707,
-0.005178,
-0.617497,
-0.005387,
-0.622403,
-0.005608,
-0.627426,
-0.005834,
-0.632569,
-0.006069,
-0.637837,
-0.006315,
-0.643231,
-0.006568,
-0.648755,
-0.006832,
-0.654412,
-0.007104,
-0.660209,
-0.007390,
-0.666145,
-0.007685,
-0.672226,
-0.007986,
-0.678457,
-0.008307,
-0.684839,
-0.008632,
-0.691378,
-0.008971,
-0.698080,
-0.009325,
-0.704950,
-0.009694,
-0.711990,
-0.010072,
-0.719205,
-0.010467,
-0.726605,
-0.010876,
-0.734193,
-0.011302,
-0.741971,
-0.011742,
-0.749950,
-0.012201,
-0.758133,
-0.012675,
-0.766533,
-0.013167,
-0.775149,
-0.013684,
-0.783988,
-0.014219,
-0.793064,
-0.014771,
-0.802381,
-0.015349,
-0.811946,
-0.015947,
-0.821772,
-0.016569,
-0.831862,
-0.017217,
-0.842235,
-0.017890,
-0.852888,
-0.018590,
-0.863837,
-0.019318,
-0.875099,
-0.020078,
-0.886674,
-0.020868,
-0.898582,
-0.021686,
-0.910833,
-0.022543,
-0.923439,
-0.023433,
-0.936414,
-0.024363,
-0.949778,
-0.025330,
-0.963539,
-0.026342,
-0.977715,
-0.027393,
-0.992323,
-0.028493,
-1.007387,
-0.029640,
-1.022916,
-0.030837,
-1.038934,
-0.032088,
-1.055466,
-0.033391,
-1.072530,
-0.034755,
-1.090152,
-0.036183,
-1.108356,
-0.037678,
-1.127170,
-0.039238,
-1.146621,
-0.040874,
-1.166735,
-0.042589,
-1.187550,
-0.044384,
-1.209104,
-0.046266,
-1.231423,
-0.048240,
-1.254551,
-0.050312,
-1.278530,
-0.052486,
-1.303405,
-0.054770,
-1.329219,
-0.057176,
-1.356027,
-0.059703,
-1.383884,
-0.062362,
-1.412846,
-0.065166,
-1.442977,
-0.068120,
-1.474349,
-0.071234,
-1.507029,
-0.074523,
-1.541100,
-0.077997,
-1.576650,
-0.081667,
-1.613767,
-0.085554,
-1.652558,
-0.089670,
-1.693127,
-0.094032,
-1.735600,
-0.098661,
-1.780107,
-0.103578,
-1.826785,
-0.108807,
-1.875802,
-0.114369,
-1.927327,
-0.120299,
-1.981547,
-0.126626,
-2.038682,
-0.133385,
-2.098955,
-0.140614,
-2.162629,
-0.148361,
-2.229996,
-0.156671,
-2.301378,
-0.165602,
-2.377135,
-0.175215,
-2.457676,
-0.185587,
-2.543461,
-0.196785,
-2.635011,
-0.208912,
-2.732918,
-0.222068,
-2.837861,
-0.236374,
-2.950620,
-0.251973,
-3.072095,
-0.269022,
-3.203328,
-0.287709,
-3.345543,
-0.308257,
-3.500174,
-0.330931,
-3.668920,
-0.356037,
-3.853807,
-0.383946,
-4.057270,
-0.415115,
-4.282273,
-0.450089,
-4.532445,
-0.489540,
-4.812287,
-0.534313,
-5.127454,
-0.585462,
-5.485143,
-0.644337,
-5.894668,
-0.712697,
-6.368306,
-0.792856,
-6.922560,
-0.887929,
-7.580176,
-1.002234,
-8.373396,
-1.141882,
-9.349513,
-1.315859,
-10.580806,
-1.537913,
-12.183593,
-1.830200,
-14.357828,
-2.230808,
-17.478808,
-2.811273,
-22.343380,
-3.723539,
-30.993350,
-5.357064,
-50.705610,
-9.099895,
-140.734075,
-26.255258,
178.337738,
34.630528,
54.213455,
10.973328,
31.803533,
6.720474,
22.401368,
4.950400,
17.215983,
3.986276,
13.920125,
3.384311,
11.631823,
2.976430,
9.943060,
2.685004,
8.638951,
2.469265,
7.595420,
2.305820,
6.735647,
2.180306,
6.009387,
2.083509,
5.382197,
2.009267,
4.829517,
1.953389,
4.333148,
1.912985,
3.879097,
1.886088,
3.456170,
1.871396,
3.055015,
1.868157,
2.667428,
1.876065,
2.285798,
1.895232,
1.902620,
1.926204,
1.510022,
1.970005,
1.099203,
2.028228,
0.659738,
2.103216,
0.178590,
2.198337,
-0.361377,
2.318430,
-0.983763,
2.470546,
-1.722643,
2.665229,
-2.629839,
2.918872,
-3.788876,
3.258228,
-5.344495,
3.729999,
-7.572355,
4.423470,
-11.071676,
5.533096,
-17.439556,
7.577586,
-32.834930,
12.557923,
-125.002588,
42.485560,
89.942540,
-27.371440,
36.172223,
-9.915288,
23.747498,
-5.890997,
18.216954,
-4.104716,
15.086806,
-3.096390,
13.073055,
-2.448873,
11.669816,
-1.997843,
10.637459,
-1.665461,
9.847784,
-1.410088,
9.226016,
-1.207438,
8.725603,
-1.042378,
8.316077,
-0.904986,
7.976651,
-0.788489,
7.692695,
-0.688078,
7.453622,
-0.600267,
7.251605,
-0.522444,
7.080757,
-0.452601,
6.936580,
-0.389186,
6.815613,
-0.330947,
6.715167,
-0.276873,
6.633177,
-0.226122,
6.568029,
-0.177978,
6.518512,
-0.131823,
6.483742,
-0.087109,
6.463119,
-0.043327,