1.0000000000000000000,
0.0000000000000000000,
-0.0000000000000000000,
1.0000000000000000000,
1.0000000000000000000,
0.0000000000000000000,
-0.0000000000000000000,
1.0000000000000000000,
1.0000000000000000000,
0.0000000000000000000,
-0.0000000000000000000,
1.0000000000000000000,
1.0000000000000000000,
0.0000000000000000000,
-0.0000000000000000000,
1.0000000000000000000,
1.0000000000000000000,
0.0000000000000000000,
-0.0000000000000000000,
1.0000000000000000000,
1.0000000000000000000,
0.0000000000000000000,
-0.0000000000000000000,
1.0000000000000000000,
1.0000000000000000000,
0.0000000000000000000,
-0.0000000000000000000,
1.0000000000000000000,
1.0000000000000000000,
0.0000000000000000000,
-0.0000000000000000000,
1.0000000000000000000,
1.0000000000000000000,
0.0000000000000000000,
-0.0000000000000000000,
1.0000000000000000000,
1.0000000000000000000,
0.0000000000000000000,
-0.0000000000000000000,
1.0000000000000000000,
1.0000000000000000000,
0.0000000000000000000,
-0.0000000000000000000,
1.0000000000000000000,
1.0000000000000000000,
0.0000000000000000000,
-0.0000000000000000000,
1.0000000000000000000,
1.0000000000000000000,
0.0000000000000000000,
-0.0000000000000000000,
1.0000000000000000000,
1.0000000000000000000,
0.0000000000000000000,
-0.0000000000000000000,
1.0000000000000000000,
1.0000000000000000000,
0.0000000000000000000,
-0.0000000000000000000,
1.0000000000000000000,
1.0000000000000000000,
0.0000000000000000000,
-0.0000000000000000000,
1.0000000000000000000,
1.0000000000000000000,
0.0000000000000000000,
-0.0000000000000000000,
1.0000000000000000000,
1.0000000000000000000,
0.0000000000000000000,
-0.0000000000000000000,
1.0000000000000000000,
1.0000000000000000000,
0.0000000000000000000,
-0.0000000000000000000,
1.0000000000000000000,
1.0000000000000000000,
0.0000000000000000000,
-0.0000000000000000000,
1.0000000000000000000,
1.0000000000000000000,
0.0000000000000000000,
-0.0000000000000000000,
1.0000000000000000000,
1.0000000000000000000,
0.0000000000000000000,
-0.0000000000000000000,
1.0000000000000000000,
1.0000000000000000000,
0.0000000000000000000,
-0.0000000000000000000,
1.0000000000000000000,
1.0000000000000000000,
0.0000000000000000000,
-0.0000000000000000000,
1.0000000000000000000,
1.0000000000000000000,
0.0000000000000000000,
-0.0000000000000000000,
1.0000000000000000000,
1.0000000000000000000,
0.0000000000000000000,
-0.0000000000000000000,
1.0000000000000000000,
1.0000000000000000000,
0.0000000000000000000,
-0.0000000000000000000,
1.0000000000000000000,
1.0000000000000000000,
0.0000000000000000000,
-0.0000000000000000000,
1.0000000000000000000,
1.0000000000000000000,
0.0000000000000000000,
-0.0000000000000000000,
1.0000000000000000000,
1.0000000000000000000,
0.0000000000000000000,
-0.0000000000000000000,
1.0000000000000000000,
1.0000000000000000000,
0.0000000000000000000,
-0.0000000000000000000,
1.0000000000000000000,
1.0000000000000000000,
0.0000000000000000000,
-0.0000000000000000000,
1.0000000000000000000,
1.0000000000000000000,
0.0000000000000000000,
-0.0000000000000000000,
1.0000000000000000000,
0.9999247018391445030,
0.0122715382857199254,
-0.0122715382857199254,
0.9999247018391445030,
0.9996988186962042500,
0.0245412285229122881,
-0.0245412285229122881,
0.9996988186962042500,
0.9993223845883495438,
0.0368072229413588317,
-0.0368072229413588317,
0.9993223845883495438,
0.9987954562051724050,
0.0490676743274180149,
-0.0490676743274180149,
0.9987954562051724050,
0.9981181129001491792,
0.0613207363022085783,
-0.0613207363022085783,
0.9981181129001491792,
0.9972904566786902070,
0.0735645635996674263,
-0.0735645635996674263,
0.9972904566786902070,
0.9963126121827780013,
0.0857973123444398938,
-0.0857973123444398938,
0.9963126121827780013,
0.9951847266721969287,
0.0980171403295606036,
-0.0980171403295606036,
0.9951847266721969287,
0.9939069700023560605,
0.1102222072938830594,
-0.1102222072938830594,
0.9939069700023560605,
0.9924795345987099671,
0.1224106751992161957,
-0.1224106751992161957,
0.9924795345987099671,
0.9909026354277800097,
0.1345807085071261677,
-0.1345807085071261677,
0.9909026354277800097,
0.9891765099647810144,
0.1467304744553617479,
-0.1467304744553617479,
0.9891765099647810144,
0.9873014181578584347,
0.1588581433338614457,
-0.1588581433338614457,
0.9873014181578584347,
0.9852776423889412216,
0.1709618887603012172,
-0.1709618887603012172,
0.9852776423889412216,
0.9831054874312162850,
0.1830398879551409508,
-0.1830398879551409508,
0.9831054874312162850,
0.9807852804032304306,
0.1950903220161282481,
-0.1950903220161282481,
0.9807852804032304306,
0.9783173707196276547,
0.2071113761922185603,
-0.2071113761922185603,
0.9783173707196276547,
0.9757021300385285700,
0.2191012401568697976,
-0.2191012401568697976,
0.9757021300385285700,
0.9729399522055601768,
0.2310581082806711095,
-0.2310581082806711095,
0.9729399522055601768,
0.9700312531945439742,
0.2429801799032638709,
-0.2429801799032638709,
0.9700312531945439742,
0.9669764710448520706,
0.2548656596045145717,
-0.2548656596045145717,
0.9669764710448520706,
0.9637760657954398402,
0.2667127574748983654,
-0.2667127574748983654,
0.9637760657954398402,
0.9604305194155657865,
0.2785196893850530597,
-0.2785196893850530597,
0.9604305194155657865,
0.9569403357322088244,
0.2902846772544623311,
-0.2902846772544623311,
0.9569403357322088244,
0.9533060403541938621,
0.3020059493192280842,
-0.3020059493192280842,
0.9533060403541938621,
0.9495281805930366748,
0.3136817403988915176,
-0.3136817403988915176,
0.9495281805930366748,
0.9456073253805212797,
0.3253102921622629262,
-0.3253102921622629262,
0.9456073253805212797,
0.9415440651830208063,
0.3368898533922200511,
-0.3368898533922200511,
0.9415440651830208063,
0.9373390119125749598,
0.3484186802494345647,
-0.3484186802494345647,
0.9373390119125749598,
0.9329927988347389567,
0.3598950365349881109,
-0.3598950365349881109,
0.9329927988347389567,
0.9285060804732155892,
0.3713171939518375431,
-0.3713171939518375431,
0.9285060804732155892,
1.0000000000000000000,
0.0000000000000000000,
-0.0000000000000000000,
1.0000000000000000000,
0.9996988186962042500,
0.0245412285229122881,
-0.0245412285229122881,
0.9996988186962042500,
0.9987954562051724050,
0.0490676743274180149,
-0.0490676743274180149,
0.9987954562051724050,
0.9972904566786902070,
0.0735645635996674263,
-0.0735645635996674263,
0.9972904566786902070,
0.9951847266721969287,
0.0980171403295606036,
-0.0980171403295606036,
0.9951847266721969287,
0.9924795345987099671,
0.1224106751992161957,
-0.1224106751992161957,
0.9924795345987099671,
0.9891765099647810144,
0.1467304744553617479,
-0.1467304744553617479,
0.9891765099647810144,
0.9852776423889412216,
0.1709618887603012172,
-0.1709618887603012172,
0.9852776423889412216,
0.9807852804032304306,
0.1950903220161282481,
-0.1950903220161282481,
0.9807852804032304306,
0.9757021300385285700,
0.2191012401568697976,
-0.2191012401568697976,
0.9757021300385285700,
0.9700312531945439742,
0.2429801799032638709,
-0.2429801799032638709,
0.9700312531945439742,
0.9637760657954398402,
0.2667127574748983654,
-0.2667127574748983654,
0.9637760657954398402,
0.9569403357322088244,
0.2902846772544623311,
-0.2902846772544623311,
0.9569403357322088244,
0.9495281805930366748,
0.3136817403988915176,
-0.3136817403988915176,
0.9495281805930366748,
0.9415440651830208063,
0.3368898533922200511,
-0.3368898533922200511,
0.9415440651830208063,
0.9329927988347389567,
0.3598950365349881109,
-0.3598950365349881109,
0.9329927988347389567,
0.9238795325112867385,
0.3826834323650897818,
-0.3826834323650897818,
0.9238795325112867385,
0.9142097557035306910,
0.4052413140049898610,
-0.4052413140049898610,
0.9142097557035306910,
0.9039892931234433382,
0.4275550934302820849,
-0.4275550934302820849,
0.9039892931234433382,
0.8932243011955153245,
0.4496113296546065397,
-0.4496113296546065397,
0.8932243011955153245,
0.8819212643483550496,
0.4713967368259976420,
-0.4713967368259976420,
0.8819212643483550496,
0.8700869911087114605,
0.4928981922297840379,
-0.4928981922297840379,
0.8700869911087114605,
0.8577286100002721181,
0.5141027441932216613,
-0.5141027441932216613,
0.8577286100002721181,
0.8448535652497071169,
0.5349976198870971533,
-0.5349976198870971533,
0.8448535652497071169,
0.8314696123025452357,
0.5555702330196021776,
-0.5555702330196021776,
0.8314696123025452357,
0.8175848131515837114,
0.5758081914178453387,
-0.5758081914178453387,
0.8175848131515837114,
0.8032075314806449429,
0.5956993044924333569,
-0.5956993044924333569,
0.8032075314806449429,
0.7883464276266062276,
0.6152315905806268193,
-0.6152315905806268193,
0.7883464276266062276,
0.7730104533627369934,
0.6343932841636454878,
-0.6343932841636454878,
0.7730104533627369934,
0.7572088465064845675,
0.6531728429537767555,
-0.6531728429537767555,
0.7572088465064845675,
0.7409511253549592169,
0.6715589548470183301,
-0.6715589548470183301,
0.7409511253549592169,
0.7242470829514670028,
0.6895405447370668295,
-0.6895405447370668295,
0.7242470829514670028,
1.0000000000000000000,
0.0000000000000000000,
-0.0000000000000000000,
1.0000000000000000000,
0.9993223845883495438,
0.0368072229413588317,
-0.0368072229413588317,
0.9993223845883495438,
0.9972904566786902070,
0.0735645635996674263,
-0.0735645635996674263,
0.9972904566786902070,
0.9939069700023560605,
0.1102222072938830594,
-0.1102222072938830594,
0.9939069700023560605,
0.9891765099647810144,
0.1467304744553617479,
-0.1467304744553617479,
0.9891765099647810144,
0.9831054874312162850,
0.1830398879551409508,
-0.1830398879551409508,
0.9831054874312162850,
0.9757021300385285700,
0.2191012401568697976,
-0.2191012401568697976,
0.9757021300385285700,
0.9669764710448520706,
0.2548656596045145717,
-0.2548656596045145717,
0.9669764710448520706,
0.9569403357322088244,
0.2902846772544623311,
-0.2902846772544623311,
0.9569403357322088244,
0.9456073253805212797,
0.3253102921622629262,
-0.3253102921622629262,
0.9456073253805212797,
0.9329927988347389567,
0.3598950365349881109,
-0.3598950365349881109,
0.9329927988347389567,
0.9191138516900577704,
0.3939920400610480988,
-0.3939920400610480988,
0.9191138516900577704,
0.9039892931234433382,
0.4275550934302820849,
-0.4275550934302820849,
0.9039892931234433382,
0.8876396204028539350,
0.4605387109582400051,
-0.4605387109582400051,
0.8876396204028539350,
0.8700869911087114605,
0.4928981922297840379,
-0.4928981922297840379,
0.8700869911087114605,
0.8513551931052651955,
0.5245896826784689493,
-0.5245896826784689493,
0.8513551931052651955,
0.8314696123025452357,
0.5555702330196021776,
-0.5555702330196021776,
0.8314696123025452357,
0.8104571982525947682,
0.5857978574564388641,
-0.5857978574564388641,
0.8104571982525947682,
0.7883464276266062276,
0.6152315905806268193,
-0.6152315905806268193,
0.7883464276266062276,
0.7651672656224589586,
0.6438315428897913861,
-0.6438315428897913861,
0.7651672656224589586,
0.7409511253549592169,
0.6715589548470183301,
-0.6715589548470183301,
0.7409511253549592169,
0.7157308252838187057,
0.6983762494089728046,
-0.6983762494089728046,
0.7157308252838187057,
0.6895405447370669405,
0.7242470829514668917,
-0.7242470829514668917,
0.6895405447370669405,
0.6624157775901717837,
0.7491363945234592592,
-0.7491363945234592592,
0.6624157775901717837,
0.6343932841636454878,
0.7730104533627368824,
-0.7730104533627368824,
0.6343932841636454878,
0.6055110414043255451,
0.7958369046088834553,
-0.7958369046088834553,
0.6055110414043255451,
0.5758081914178453387,
0.8175848131515837114,
-0.8175848131515837114,
0.5758081914178453387,
0.5453249884220464638,
0.8382247055548379677,
-0.8382247055548379677,
0.5453249884220464638,
0.5141027441932216613,
0.8577286100002721181,
-0.8577286100002721181,
0.5141027441932216613,
0.4821837720791228299,
0.8760700941954066012,
-0.8760700941954066012,
0.4821837720791228299,
0.4496113296546065952,
0.8932243011955153245,
-0.8932243011955153245,
0.4496113296546065952,
0.4164295600976373191,
0.9091679830905222692,
-0.9091679830905222692,
0.4164295600976373191,
1.0000000000000000000,
0.0000000000000000000,
-0.0000000000000000000,
1.0000000000000000000,
0.9987954562051724050,
0.0490676743274180149,
-0.0490676743274180149,
0.9987954562051724050,
0.9951847266721969287,
0.0980171403295606036,
-0.0980171403295606036,
0.9951847266721969287,
0.9891765099647810144,
0.1467304744553617479,
-0.1467304744553617479,
0.9891765099647810144,
0.9807852804032304306,
0.1950903220161282481,
-0.1950903220161282481,
0.9807852804032304306,
0.9700312531945439742,
0.2429801799032638709,
-0.2429801799032638709,
0.9700312531945439742,
0.9569403357322088244,
0.2902846772544623311,
-0.2902846772544623311,
0.9569403357322088244,
0.9415440651830208063,
0.3368898533922200511,
-0.3368898533922200511,
0.9415440651830208063,
0.9238795325112867385,
0.3826834323650897818,
-0.3826834323650897818,
0.9238795325112867385,
0.9039892931234433382,
0.4275550934302820849,
-0.4275550934302820849,
0.9039892931234433382,
0.8819212643483550496,
0.4713967368259976420,
-0.4713967368259976420,
0.8819212643483550496,
0.8577286100002721181,
0.5141027441932216613,
-0.5141027441932216613,
0.8577286100002721181,
0.8314696123025452357,
0.5555702330196021776,
-0.5555702330196021776,
0.8314696123025452357,
0.8032075314806449429,
0.5956993044924333569,
-0.5956993044924333569,
0.8032075314806449429,
0.7730104533627369934,
0.6343932841636454878,
-0.6343932841636454878,
0.7730104533627369934,
0.7409511253549592169,
0.6715589548470183301,
-0.6715589548470183301,
0.7409511253549592169,
0.7071067811865475727,
0.7071067811865475727,
-0.7071067811865475727,
0.7071067811865475727,
0.6715589548470183301,
0.7409511253549591059,
-0.7409511253549591059,
0.6715589548470183301,
0.6343932841636454878,
0.7730104533627368824,
-0.7730104533627368824,
0.6343932841636454878,
0.5956993044924334679,
0.8032075314806448318,
-0.8032075314806448318,
0.5956993044924334679,
0.5555702330196022887,
0.8314696123025452357,
-0.8314696123025452357,
0.5555702330196022887,
0.5141027441932216613,
0.8577286100002721181,
-0.8577286100002721181,
0.5141027441932216613,
0.4713967368259978086,
0.8819212643483549385,
-0.8819212643483549385,
0.4713967368259978086,
0.4275550934302821959,
0.9039892931234433382,
-0.9039892931234433382,
0.4275550934302821959,
0.3826834323650898373,
0.9238795325112867385,
-0.9238795325112867385,
0.3826834323650898373,
0.3368898533922200511,
0.9415440651830208063,
-0.9415440651830208063,
0.3368898533922200511,
0.2902846772544623311,
0.9569403357322089354,
-0.9569403357322089354,
0.2902846772544623311,
0.2429801799032639820,
0.9700312531945439742,
-0.9700312531945439742,
0.2429801799032639820,
0.1950903220161283314,
0.9807852804032304306,
-0.9807852804032304306,
0.1950903220161283314,
0.1467304744553617479,
0.9891765099647810144,
-0.9891765099647810144,
0.1467304744553617479,
0.0980171403295607702,
0.9951847266721968177,
-0.9951847266721968177,
0.0980171403295607702,
0.0490676743274181260,
0.9987954562051724050,
-0.9987954562051724050,
0.0490676743274181260,
1.0000000000000000000,
0.0000000000000000000,
-0.0000000000000000000,
1.0000000000000000000,
0.9981181129001491792,
0.0613207363022085783,
-0.0613207363022085783,
0.9981181129001491792,
0.9924795345987099671,
0.1224106751992161957,
-0.1224106751992161957,
0.9924795345987099671,
0.9831054874312162850,
0.1830398879551409508,
-0.1830398879551409508,
0.9831054874312162850,
0.9700312531945439742,
0.2429801799032638709,
-0.2429801799032638709,
0.9700312531945439742,
0.9533060403541938621,
0.3020059493192280842,
-0.3020059493192280842,
0.9533060403541938621,
0.9329927988347389567,
0.3598950365349881109,
-0.3598950365349881109,
0.9329927988347389567,
0.9091679830905223803,
0.4164295600976371525,
-0.4164295600976371525,
0.9091679830905223803,
0.8819212643483550496,
0.4713967368259976420,
-0.4713967368259976420,
0.8819212643483550496,
0.8513551931052651955,
0.5245896826784689493,
-0.5245896826784689493,
0.8513551931052651955,
0.8175848131515837114,
0.5758081914178453387,
-0.5758081914178453387,
0.8175848131515837114,
0.7807372285720944882,
0.6248594881423863434,
-0.6248594881423863434,
0.7807372285720944882,
0.7409511253549592169,
0.6715589548470183301,
-0.6715589548470183301,
0.7409511253549592169,
0.6983762494089729156,
0.7157308252838185947,
-0.7157308252838185947,
0.6983762494089729156,
0.6531728429537768665,
0.7572088465064845675,
-0.7572088465064845675,
0.6531728429537768665,
0.6055110414043255451,
0.7958369046088834553,
-0.7958369046088834553,
0.6055110414043255451,
0.5555702330196022887,
0.8314696123025452357,
-0.8314696123025452357,
0.5555702330196022887,
0.5035383837257175754,
0.8639728561215866964,
-0.8639728561215866964,
0.5035383837257175754,
0.4496113296546065952,
0.8932243011955153245,
-0.8932243011955153245,
0.4496113296546065952,
0.3939920400610480988,
0.9191138516900577704,
-0.9191138516900577704,
0.3939920400610480988,
0.3368898533922200511,
0.9415440651830208063,
-0.9415440651830208063,
0.3368898533922200511,
0.2785196893850530597,
0.9604305194155657865,
-0.9604305194155657865,
0.2785196893850530597,
0.2191012401568697698,
0.9757021300385285700,
-0.9757021300385285700,
0.2191012401568697698,
0.1588581433338613902,
0.9873014181578584347,
-0.9873014181578584347,
0.1588581433338613902,
0.0980171403295607702,
0.9951847266721968177,
-0.9951847266721968177,
0.0980171403295607702,
0.0368072229413589913,
0.9993223845883495438,
-0.9993223845883495438,
0.0368072229413589913,
-0.0245412285229121424,
0.9996988186962042500,
-0.9996988186962042500,
-0.0245412285229121424,
-0.0857973123444397551,
0.9963126121827780013,
-0.9963126121827780013,
-0.0857973123444397551,
-0.1467304744553616369,
0.9891765099647810144,
-0.9891765099647810144,
-0.1467304744553616369,
-0.2071113761922184493,
0.9783173707196276547,
-0.9783173707196276547,
-0.2071113761922184493,
-0.2667127574748983099,
0.9637760657954398402,
-0.9637760657954398402,
-0.2667127574748983099,
-0.3253102921622628707,
0.9456073253805213907,
-0.9456073253805213907,
-0.3253102921622628707,
1.0000000000000000000,
0.0000000000000000000,
-0.0000000000000000000,
1.0000000000000000000,
0.9972904566786902070,
0.0735645635996674263,
-0.0735645635996674263,
0.9972904566786902070,
0.9891765099647810144,
0.1467304744553617479,
-0.1467304744553617479,
0.9891765099647810144,
0.9757021300385285700,
0.2191012401568697976,
-0.2191012401568697976,
0.9757021300385285700,
0.9569403357322088244,
0.2902846772544623311,
-0.2902846772544623311,
0.9569403357322088244,
0.9329927988347389567,
0.3598950365349881109,
-0.3598950365349881109,
0.9329927988347389567,
0.9039892931234433382,
0.4275550934302820849,
-0.4275550934302820849,
0.9039892931234433382,
0.8700869911087114605,
0.4928981922297840379,
-0.4928981922297840379,
0.8700869911087114605,
0.8314696123025452357,
0.5555702330196021776,
-0.5555702330196021776,
0.8314696123025452357,
0.7883464276266062276,
0.6152315905806268193,
-0.6152315905806268193,
0.7883464276266062276,
0.7409511253549592169,
0.6715589548470183301,
-0.6715589548470183301,
0.7409511253549592169,
0.6895405447370669405,
0.7242470829514668917,
-0.7242470829514668917,
0.6895405447370669405,
0.6343932841636454878,
0.7730104533627368824,
-0.7730104533627368824,
0.6343932841636454878,
0.5758081914178453387,
0.8175848131515837114,
-0.8175848131515837114,
0.5758081914178453387,
0.5141027441932216613,
0.8577286100002721181,
-0.8577286100002721181,
0.5141027441932216613,
0.4496113296546065952,
0.8932243011955153245,
-0.8932243011955153245,
0.4496113296546065952,
0.3826834323650898373,
0.9238795325112867385,
-0.9238795325112867385,
0.3826834323650898373,
0.3136817403988915731,
0.9495281805930366748,
-0.9495281805930366748,
0.3136817403988915731,
0.2429801799032639820,
0.9700312531945439742,
-0.9700312531945439742,
0.2429801799032639820,
0.1709618887603013559,
0.9852776423889412216,
-0.9852776423889412216,
0.1709618887603013559,
0.0980171403295607702,
0.9951847266721968177,
-0.9951847266721968177,
0.0980171403295607702,
0.0245412285229122638,
0.9996988186962042500,
-0.9996988186962042500,
0.0245412285229122638,
-0.0490676743274180080,
0.9987954562051724050,
-0.9987954562051724050,
-0.0490676743274180080,
-0.1224106751992161540,
0.9924795345987099671,
-0.9924795345987099671,
-0.1224106751992161540,
-0.1950903220161281926,
0.9807852804032304306,
-0.9807852804032304306,
-0.1950903220161281926,
-0.2667127574748983099,
0.9637760657954398402,
-0.9637760657954398402,
-0.2667127574748983099,
-0.3368898533922199401,
0.9415440651830208063,
-0.9415440651830208063,
-0.3368898533922199401,
-0.4052413140049897500,
0.9142097557035306910,
-0.9142097557035306910,
-0.4052413140049897500,
-0.4713967368259976976,
0.8819212643483550496,
-0.8819212643483550496,
-0.4713967368259976976,
-0.5349976198870970423,
0.8448535652497072279,
-0.8448535652497072279,
-0.5349976198870970423,
-0.5956993044924333569,
0.8032075314806449429,
-0.8032075314806449429,
-0.5956993044924333569,
-0.6531728429537765335,
0.7572088465064846785,
-0.7572088465064846785,
-0.6531728429537765335,
1.0000000000000000000,
0.0000000000000000000,
-0.0000000000000000000,
1.0000000000000000000,
0.9963126121827780013,
0.0857973123444398938,
-0.0857973123444398938,
0.9963126121827780013,
0.9852776423889412216,
0.1709618887603012172,
-0.1709618887603012172,
0.9852776423889412216,
0.9669764710448520706,
0.2548656596045145717,
-0.2548656596045145717,
0.9669764710448520706,
0.9415440651830208063,
0.3368898533922200511,
-0.3368898533922200511,
0.9415440651830208063,
0.9091679830905223803,
0.4164295600976371525,
-0.4164295600976371525,
0.9091679830905223803,
0.8700869911087114605,
0.4928981922297840379,
-0.4928981922297840379,
0.8700869911087114605,
0.8245893027850252910,
0.5657318107836131205,
-0.5657318107836131205,
0.8245893027850252910,
0.7730104533627369934,
0.6343932841636454878,
-0.6343932841636454878,
0.7730104533627369934,
0.7157308252838187057,
0.6983762494089728046,
-0.6983762494089728046,
0.7157308252838187057,
0.6531728429537768665,
0.7572088465064845675,
-0.7572088465064845675,
0.6531728429537768665,
0.5857978574564388641,
0.8104571982525947682,
-0.8104571982525947682,
0.5857978574564388641,
0.5141027441932216613,
0.8577286100002721181,
-0.8577286100002721181,
0.5141027441932216613,
0.4386162385385277140,
0.8986744656939538167,
-0.8986744656939538167,
0.4386162385385277140,
0.3598950365349882774,
0.9329927988347388457,
-0.9329927988347388457,
0.3598950365349882774,
0.2785196893850530597,
0.9604305194155657865,
-0.9604305194155657865,
0.2785196893850530597,
0.1950903220161283314,
0.9807852804032304306,
-0.9807852804032304306,
0.1950903220161283314,
0.1102222072938831843,
0.9939069700023560605,
-0.9939069700023560605,
0.1102222072938831843,
0.0245412285229122638,
0.9996988186962042500,
-0.9996988186962042500,
0.0245412285229122638,
-0.0613207363022085297,
0.9981181129001491792,
-0.9981181129001491792,
-0.0613207363022085297,
-0.1467304744553616369,
0.9891765099647810144,
-0.9891765099647810144,
-0.1467304744553616369,
-0.2310581082806711373,
0.9729399522055601768,
-0.9729399522055601768,
-0.2310581082806711373,
-0.3136817403988914066,
0.9495281805930366748,
-0.9495281805930366748,
-0.3136817403988914066,
-0.3939920400610479878,
0.9191138516900577704,
-0.9191138516900577704,
-0.3939920400610479878,
-0.4713967368259976976,
0.8819212643483550496,
-0.8819212643483550496,
-0.4713967368259976976,
-0.5453249884220462418,
0.8382247055548381898,
-0.8382247055548381898,
-0.5453249884220462418,
-0.6152315905806267082,
0.7883464276266063386,
-0.7883464276266063386,
-0.6152315905806267082,
-0.6806009977954530221,
0.7326542716724128157,
-0.7326542716724128157,
-0.6806009977954530221,
-0.7409511253549588838,
0.6715589548470185521,
-0.6715589548470185521,
-0.7409511253549588838,
-0.7958369046088834553,
0.6055110414043256561,
-0.6055110414043256561,
-0.7958369046088834553,
-0.8448535652497071169,
0.5349976198870971533,
-0.5349976198870971533,
-0.8448535652497071169,
-0.8876396204028538239,
0.4605387109582402272,
-0.4605387109582402272,
-0.8876396204028538239,
1.0000000000000000000,
0.0000000000000000000,
-0.0000000000000000000,
1.0000000000000000000,
0.9951847266721969287,
0.0980171403295606036,
-0.0980171403295606036,
0.9951847266721969287,
0.9807852804032304306,
0.1950903220161282481,
-0.1950903220161282481,
0.9807852804032304306,
0.9569403357322088244,
0.2902846772544623311,
-0.2902846772544623311,
0.9569403357322088244,
0.9238795325112867385,
0.3826834323650897818,
-0.3826834323650897818,
0.9238795325112867385,
0.8819212643483550496,
0.4713967368259976420,
-0.4713967368259976420,
0.8819212643483550496,
0.8314696123025452357,
0.5555702330196021776,
-0.5555702330196021776,
0.8314696123025452357,
0.7730104533627369934,
0.6343932841636454878,
-0.6343932841636454878,
0.7730104533627369934,
0.7071067811865475727,
0.7071067811865475727,
-0.7071067811865475727,
0.7071067811865475727,
0.6343932841636454878,
0.7730104533627368824,
-0.7730104533627368824,
0.6343932841636454878,
0.5555702330196022887,
0.8314696123025452357,
-0.8314696123025452357,
0.5555702330196022887,
0.4713967368259978086,
0.8819212643483549385,
-0.8819212643483549385,
0.4713967368259978086,
0.3826834323650898373,
0.9238795325112867385,
-0.9238795325112867385,
0.3826834323650898373,
0.2902846772544623311,
0.9569403357322089354,
-0.9569403357322089354,
0.2902846772544623311,
0.1950903220161283314,
0.9807852804032304306,
-0.9807852804032304306,
0.1950903220161283314,
0.0980171403295607702,
0.9951847266721968177,
-0.9951847266721968177,
0.0980171403295607702,
0.0000000000000000612,
1.0000000000000000000,
-1.0000000000000000000,
0.0000000000000000612,
-0.0980171403295606453,
0.9951847266721969287,
-0.9951847266721969287,
-0.0980171403295606453,
-0.1950903220161281926,
0.9807852804032304306,
-0.9807852804032304306,
-0.1950903220161281926,
-0.2902846772544621645,
0.9569403357322089354,
-0.9569403357322089354,
-0.2902846772544621645,
-0.3826834323650897263,
0.9238795325112867385,
-0.9238795325112867385,
-0.3826834323650897263,
-0.4713967368259976976,
0.8819212643483550496,
-0.8819212643483550496,
-0.4713967368259976976,
-0.5555702330196019556,
0.8314696123025453467,
-0.8314696123025453467,
-0.5555702330196019556,
-0.6343932841636453768,
0.7730104533627371044,
-0.7730104533627371044,
-0.6343932841636453768,
-0.7071067811865474617,
0.7071067811865475727,
-0.7071067811865475727,
-0.7071067811865474617,
-0.7730104533627369934,
0.6343932841636454878,
-0.6343932841636454878,
-0.7730104533627369934,
-0.8314696123025453467,
0.5555702330196021776,
-0.5555702330196021776,
-0.8314696123025453467,
-0.8819212643483549385,
0.4713967368259978086,
-0.4713967368259978086,
-0.8819212643483549385,
-0.9238795325112867385,
0.3826834323650898928,
-0.3826834323650898928,
-0.9238795325112867385,
-0.9569403357322088244,
0.2902846772544623866,
-0.2902846772544623866,
-0.9569403357322088244,
-0.9807852804032304306,
0.1950903220161286089,
-0.1950903220161286089,
-0.9807852804032304306,
-0.9951847266721968177,
0.0980171403295608257,
-0.0980171403295608257,
-0.9951847266721968177,
1.0000000000000000000,
0.0000000000000000000,
-0.0000000000000000000,
1.0000000000000000000,
0.9939069700023560605,
0.1102222072938830594,
-0.1102222072938830594,
0.9939069700023560605,
0.9757021300385285700,
0.2191012401568697976,
-0.2191012401568697976,
0.9757021300385285700,
0.9456073253805212797,
0.3253102921622629262,
-0.3253102921622629262,
0.9456073253805212797,
0.9039892931234433382,
0.4275550934302820849,
-0.4275550934302820849,
0.9039892931234433382,
0.8513551931052651955,
0.5245896826784689493,
-0.5245896826784689493,
0.8513551931052651955,
0.7883464276266062276,
0.6152315905806268193,
-0.6152315905806268193,
0.7883464276266062276,
0.7157308252838187057,
0.6983762494089728046,
-0.6983762494089728046,
0.7157308252838187057,
0.6343932841636454878,
0.7730104533627368824,
-0.7730104533627368824,
0.6343932841636454878,
0.5453249884220464638,
0.8382247055548379677,
-0.8382247055548379677,
0.5453249884220464638,
0.4496113296546065952,
0.8932243011955153245,
-0.8932243011955153245,
0.4496113296546065952,
0.3484186802494345092,
0.9373390119125749598,
-0.9373390119125749598,
0.3484186802494345092,
0.2429801799032639820,
0.9700312531945439742,
-0.9700312531945439742,
0.2429801799032639820,
0.1345807085071262232,
0.9909026354277800097,
-0.9909026354277800097,
0.1345807085071262232,
0.0245412285229122638,
0.9996988186962042500,
-0.9996988186962042500,
0.0245412285229122638,
-0.0857973123444397551,
0.9963126121827780013,
-0.9963126121827780013,
-0.0857973123444397551,
-0.1950903220161281926,
0.9807852804032304306,
-0.9807852804032304306,
-0.1950903220161281926,
-0.3020059493192280842,
0.9533060403541938621,
-0.9533060403541938621,
-0.3020059493192280842,
-0.4052413140049897500,
0.9142097557035306910,
-0.9142097557035306910,
-0.4052413140049897500,
-0.5035383837257174644,
0.8639728561215868075,
-0.8639728561215868075,
-0.5035383837257174644,
-0.5956993044924333569,
0.8032075314806449429,
-0.8032075314806449429,
-0.5956993044924333569,
-0.6806009977954530221,
0.7326542716724128157,
-0.7326542716724128157,
-0.6806009977954530221,
-0.7572088465064846785,
0.6531728429537766445,
-0.6531728429537766445,
-0.7572088465064846785,
-0.8245893027850250689,
0.5657318107836134535,
-0.5657318107836134535,
-0.8245893027850250689,
-0.8819212643483549385,
0.4713967368259978086,
-0.4713967368259978086,
-0.8819212643483549385,
-0.9285060804732154782,
0.3713171939518377096,
-0.3713171939518377096,
-0.9285060804732154782,
-0.9637760657954398402,
0.2667127574748984764,
-0.2667127574748984764,
-0.9637760657954398402,
-0.9873014181578584347,
0.1588581433338614735,
-0.1588581433338614735,
-0.9873014181578584347,
-0.9987954562051724050,
0.0490676743274179664,
-0.0490676743274179664,
-0.9987954562051724050,
-0.9981181129001491792,
-0.0613207363022082452,
0.0613207363022082452,
-0.9981181129001491792,
-0.9852776423889413326,
-0.1709618887603009674,
0.1709618887603009674,
-0.9852776423889413326,
-0.9604305194155658976,
-0.2785196893850528932,
0.2785196893850528932,
-0.9604305194155658976,
1.0000000000000000000,
0.0000000000000000000,
-0.0000000000000000000,
1.0000000000000000000,
0.9924795345987099671,
0.1224106751992161957,
-0.1224106751992161957,
0.9924795345987099671,
0.9700312531945439742,
0.2429801799032638709,
-0.2429801799032638709,
0.9700312531945439742,
0.9329927988347389567,
0.3598950365349881109,
-0.3598950365349881109,
0.9329927988347389567,
0.8819212643483550496,
0.4713967368259976420,
-0.4713967368259976420,
0.8819212643483550496,
0.8175848131515837114,
0.5758081914178453387,
-0.5758081914178453387,
0.8175848131515837114,
0.7409511253549592169,
0.6715589548470183301,
-0.6715589548470183301,
0.7409511253549592169,
0.6531728429537768665,
0.7572088465064845675,
-0.7572088465064845675,
0.6531728429537768665,
0.5555702330196022887,
0.8314696123025452357,
-0.8314696123025452357,
0.5555702330196022887,
0.4496113296546065952,
0.8932243011955153245,
-0.8932243011955153245,
0.4496113296546065952,
0.3368898533922200511,
0.9415440651830208063,
-0.9415440651830208063,
0.3368898533922200511,
0.2191012401568697698,
0.9757021300385285700,
-0.9757021300385285700,
0.2191012401568697698,
0.0980171403295607702,
0.9951847266721968177,
-0.9951847266721968177,
0.0980171403295607702,
-0.0245412285229121424,
0.9996988186962042500,
-0.9996988186962042500,
-0.0245412285229121424,
-0.1467304744553616369,
0.9891765099647810144,
-0.9891765099647810144,
-0.1467304744553616369,
-0.2667127574748983099,
0.9637760657954398402,
-0.9637760657954398402,
-0.2667127574748983099,
-0.3826834323650897263,
0.9238795325112867385,
-0.9238795325112867385,
-0.3826834323650897263,
-0.4928981922297839824,
0.8700869911087114605,
-0.8700869911087114605,
-0.4928981922297839824,
-0.5956993044924333569,
0.8032075314806449429,
-0.8032075314806449429,
-0.5956993044924333569,
-0.6895405447370669405,
0.7242470829514668917,
-0.7242470829514668917,
-0.6895405447370669405,
-0.7730104533627369934,
0.6343932841636454878,
-0.6343932841636454878,
-0.7730104533627369934,
-0.8448535652497071169,
0.5349976198870971533,
-0.5349976198870971533,
-0.8448535652497071169,
-0.9039892931234433382,
0.4275550934302820294,
-0.4275550934302820294,
-0.9039892931234433382,
-0.9495281805930366748,
0.3136817403988914066,
-0.3136817403988914066,
-0.9495281805930366748,
-0.9807852804032304306,
0.1950903220161286089,
-0.1950903220161286089,
-0.9807852804032304306,
-0.9972904566786902070,
0.0735645635996677316,
-0.0735645635996677316,
-0.9972904566786902070,
-0.9987954562051724050,
-0.0490676743274177235,
0.0490676743274177235,
-0.9987954562051724050,
-0.9852776423889413326,
-0.1709618887603009674,
0.1709618887603009674,
-0.9852776423889413326,
-0.9569403357322089354,
-0.2902846772544621090,
0.2902846772544621090,
-0.9569403357322089354,
-0.9142097557035306910,
-0.4052413140049896945,
0.4052413140049896945,
-0.9142097557035306910,
-0.8577286100002721181,
-0.5141027441932215503,
0.5141027441932215503,
-0.8577286100002721181,
-0.7883464276266063386,
-0.6152315905806267082,
0.6152315905806267082,
-0.7883464276266063386,
1.0000000000000000000,
0.0000000000000000000,
-0.0000000000000000000,
1.0000000000000000000,
0.9909026354277800097,
0.1345807085071261677,
-0.1345807085071261677,
0.9909026354277800097,
0.9637760657954398402,
0.2667127574748983654,
-0.2667127574748983654,
0.9637760657954398402,
0.9191138516900577704,
0.3939920400610480988,
-0.3939920400610480988,
0.9191138516900577704,
0.8577286100002721181,
0.5141027441932216613,
-0.5141027441932216613,
0.8577286100002721181,
0.7807372285720944882,
0.6248594881423863434,
-0.6248594881423863434,
0.7807372285720944882,
0.6895405447370669405,
0.7242470829514668917,
-0.7242470829514668917,
0.6895405447370669405,
0.5857978574564388641,
0.8104571982525947682,
-0.8104571982525947682,
0.5857978574564388641,
0.4713967368259978086,
0.8819212643483549385,
-0.8819212643483549385,
0.4713967368259978086,
0.3484186802494345092,
0.9373390119125749598,
-0.9373390119125749598,
0.3484186802494345092,
0.2191012401568697698,
0.9757021300385285700,
-0.9757021300385285700,
0.2191012401568697698,
0.0857973123444398800,
0.9963126121827780013,
-0.9963126121827780013,
0.0857973123444398800,
-0.0490676743274180080,
0.9987954562051724050,
-0.9987954562051724050,
-0.0490676743274180080,
-0.1830398879551409230,
0.9831054874312162850,
-0.9831054874312162850,
-0.1830398879551409230,
-0.3136817403988914066,
0.9495281805930366748,
-0.9495281805930366748,
-0.3136817403988914066,
-0.4386162385385273810,
0.8986744656939539277,
-0.8986744656939539277,
-0.4386162385385273810,
-0.5555702330196019556,
0.8314696123025453467,
-0.8314696123025453467,
-0.5555702330196019556,
-0.6624157775901718948,
0.7491363945234592592,
-0.7491363945234592592,
-0.6624157775901718948,
-0.7572088465064846785,
0.6531728429537766445,
-0.6531728429537766445,
-0.7572088465064846785,
-0.8382247055548380787,
0.5453249884220463528,
-0.5453249884220463528,
-0.8382247055548380787,
-0.9039892931234433382,
0.4275550934302820294,
-0.4275550934302820294,
-0.9039892931234433382,
-0.9533060403541938621,
0.3020059493192280287,
-0.3020059493192280287,
-0.9533060403541938621,
-0.9852776423889412216,
0.1709618887603012172,
-0.1709618887603012172,
-0.9852776423889412216,
-0.9993223845883495438,
0.0368072229413588317,
-0.0368072229413588317,
-0.9993223845883495438,
-0.9951847266721969287,
-0.0980171403295605898,
0.0980171403295605898,
-0.9951847266721969287,
-0.9729399522055601768,
-0.2310581082806710818,
0.2310581082806710818,
-0.9729399522055601768,
-0.9329927988347389567,
-0.3598950365349881109,
0.3598950365349881109,
-0.9329927988347389567,
-0.8760700941954066012,
-0.4821837720791226634,
0.4821837720791226634,
-0.8760700941954066012,
-0.8032075314806449429,
-0.5956993044924332459,
0.5956993044924332459,
-0.8032075314806449429,
-0.7157308252838187057,
-0.6983762494089728046,
0.6983762494089728046,
-0.7157308252838187057,
-0.6152315905806272633,
-0.7883464276266058945,
0.7883464276266058945,
-0.6152315905806272633,
-0.5035383837257180195,
-0.8639728561215864744,
0.8639728561215864744,
-0.5035383837257180195,
1.0000000000000000000,
0.0000000000000000000,
-0.0000000000000000000,
1.0000000000000000000,
0.9891765099647810144,
0.1467304744553617479,
-0.1467304744553617479,
0.9891765099647810144,
0.9569403357322088244,
0.2902846772544623311,
-0.2902846772544623311,
0.9569403357322088244,
0.9039892931234433382,
0.4275550934302820849,
-0.4275550934302820849,
0.9039892931234433382,
0.8314696123025452357,
0.5555702330196021776,
-0.5555702330196021776,
0.8314696123025452357,
0.7409511253549592169,
0.6715589548470183301,
-0.6715589548470183301,
0.7409511253549592169,
0.6343932841636454878,
0.7730104533627368824,
-0.7730104533627368824,
0.6343932841636454878,
0.5141027441932216613,
0.8577286100002721181,
-0.8577286100002721181,
0.5141027441932216613,
0.3826834323650898373,
0.9238795325112867385,
-0.9238795325112867385,
0.3826834323650898373,
0.2429801799032639820,
0.9700312531945439742,
-0.9700312531945439742,
0.2429801799032639820,
0.0980171403295607702,
0.9951847266721968177,
-0.9951847266721968177,
0.0980171403295607702,
-0.0490676743274180080,
0.9987954562051724050,
-0.9987954562051724050,
-0.0490676743274180080,
-0.1950903220161281926,
0.9807852804032304306,
-0.9807852804032304306,
-0.1950903220161281926,
-0.3368898533922199401,
0.9415440651830208063,
-0.9415440651830208063,
-0.3368898533922199401,
-0.4713967368259976976,
0.8819212643483550496,
-0.8819212643483550496,
-0.4713967368259976976,
-0.5956993044924333569,
0.8032075314806449429,
-0.8032075314806449429,
-0.5956993044924333569,
-0.7071067811865474617,
0.7071067811865475727,
-0.7071067811865475727,
-0.7071067811865474617,
-0.8032075314806448318,
0.5956993044924334679,
-0.5956993044924334679,
-0.8032075314806448318,
-0.8819212643483549385,
0.4713967368259978086,
-0.4713967368259978086,
-0.8819212643483549385,
-0.9415440651830206953,
0.3368898533922203287,
-0.3368898533922203287,
-0.9415440651830206953,
-0.9807852804032304306,
0.1950903220161286089,
-0.1950903220161286089,
-0.9807852804032304306,
-0.9987954562051724050,
0.0490676743274179664,
-0.0490676743274179664,
-0.9987954562051724050,
-0.9951847266721969287,
-0.0980171403295605898,
0.0980171403295605898,
-0.9951847266721969287,
-0.9700312531945439742,
-0.2429801799032638154,
0.2429801799032638154,
-0.9700312531945439742,
-0.9238795325112868495,
-0.3826834323650896708,
0.3826834323650896708,
-0.9238795325112868495,
-0.8577286100002721181,
-0.5141027441932215503,
0.5141027441932215503,
-0.8577286100002721181,
-0.7730104533627371044,
-0.6343932841636452657,
0.6343932841636452657,
-0.7730104533627371044,
-0.6715589548470186632,
-0.7409511253549588838,
0.7409511253549588838,
-0.6715589548470186632,
-0.5555702330196021776,
-0.8314696123025452357,
0.8314696123025452357,
-0.5555702330196021776,
-0.4275550934302824735,
-0.9039892931234431162,
0.9039892931234431162,
-0.4275550934302824735,
-0.2902846772544624421,
-0.9569403357322088244,
0.9569403357322088244,
-0.2902846772544624421,
-0.1467304744553623030,
-0.9891765099647809034,
0.9891765099647809034,
-0.1467304744553623030,
1.0000000000000000000,
0.0000000000000000000,
-0.0000000000000000000,
1.0000000000000000000,
0.9873014181578584347,
0.1588581433338614457,
-0.1588581433338614457,
0.9873014181578584347,
0.9495281805930366748,
0.3136817403988915176,
-0.3136817403988915176,
0.9495281805930366748,
0.8876396204028539350,
0.4605387109582400051,
-0.4605387109582400051,
0.8876396204028539350,
0.8032075314806449429,
0.5956993044924333569,
-0.5956993044924333569,
0.8032075314806449429,
0.6983762494089729156,
0.7157308252838185947,
-0.7157308252838185947,
0.6983762494089729156,
0.5758081914178453387,
0.8175848131515837114,
-0.8175848131515837114,
0.5758081914178453387,
0.4386162385385277140,
0.8986744656939538167,
-0.8986744656939538167,
0.4386162385385277140,
0.2902846772544623311,
0.9569403357322089354,
-0.9569403357322089354,
0.2902846772544623311,
0.1345807085071262232,
0.9909026354277800097,
-0.9909026354277800097,
0.1345807085071262232,
-0.0245412285229121424,
0.9996988186962042500,
-0.9996988186962042500,
-0.0245412285229121424,
-0.1830398879551409230,
0.9831054874312162850,
-0.9831054874312162850,
-0.1830398879551409230,
-0.3368898533922199401,
0.9415440651830208063,
-0.9415440651830208063,
-0.3368898533922199401,
-0.4821837720791227189,
0.8760700941954066012,
-0.8760700941954066012,
-0.4821837720791227189,
-0.6152315905806267082,
0.7883464276266063386,
-0.7883464276266063386,
-0.6152315905806267082,
-0.7326542716724127047,
0.6806009977954532442,
-0.6806009977954532442,
-0.7326542716724127047,
-0.8314696123025453467,
0.5555702330196021776,
-0.5555702330196021776,
-0.8314696123025453467,
-0.9091679830905223803,
0.4164295600976371525,
-0.4164295600976371525,
-0.9091679830905223803,
-0.9637760657954398402,
0.2667127574748984764,
-0.2667127574748984764,
-0.9637760657954398402,
-0.9939069700023560605,
0.1102222072938832398,
-0.1102222072938832398,
-0.9939069700023560605,
-0.9987954562051724050,
-0.0490676743274177235,
0.0490676743274177235,
-0.9987954562051724050,
-0.9783173707196276547,
-0.2071113761922185881,
0.2071113761922185881,
-0.9783173707196276547,
-0.9329927988347389567,
-0.3598950365349881109,
0.3598950365349881109,
-0.9329927988347389567,
-0.8639728561215868075,
-0.5035383837257174644,
0.5035383837257174644,
-0.8639728561215868075,
-0.7730104533627371044,
-0.6343932841636452657,
0.6343932841636452657,
-0.7730104533627371044,
-0.6624157775901720058,
-0.7491363945234590371,
0.7491363945234590371,
-0.6624157775901720058,
-0.5349976198870972643,
-0.8448535652497071169,
0.8448535652497071169,
-0.5349976198870972643,
-0.3939920400610482099,
-0.9191138516900576594,
0.9191138516900576594,
-0.3939920400610482099,
-0.2429801799032641207,
-0.9700312531945439742,
0.9700312531945439742,
-0.2429801799032641207,
-0.0857973123444402269,
-0.9963126121827780013,
0.9963126121827780013,
-0.0857973123444402269,
0.0735645635996669822,
-0.9972904566786902070,
0.9972904566786902070,
0.0735645635996669822,
0.2310581082806705822,
-0.9729399522055602878,
0.9729399522055602878,
0.2310581082806705822,
1.0000000000000000000,
0.0000000000000000000,
-0.0000000000000000000,
1.0000000000000000000,
0.9852776423889412216,
0.1709618887603012172,
-0.1709618887603012172,
0.9852776423889412216,
0.9415440651830208063,
0.3368898533922200511,
-0.3368898533922200511,
0.9415440651830208063,
0.8700869911087114605,
0.4928981922297840379,
-0.4928981922297840379,
0.8700869911087114605,
0.7730104533627369934,
0.6343932841636454878,
-0.6343932841636454878,
0.7730104533627369934,
0.6531728429537768665,
0.7572088465064845675,
-0.7572088465064845675,
0.6531728429537768665,
0.5141027441932216613,
0.8577286100002721181,
-0.8577286100002721181,
0.5141027441932216613,
0.3598950365349882774,
0.9329927988347388457,
-0.9329927988347388457,
0.3598950365349882774,
0.1950903220161283314,
0.9807852804032304306,
-0.9807852804032304306,
0.1950903220161283314,
0.0245412285229122638,
0.9996988186962042500,
-0.9996988186962042500,
0.0245412285229122638,
-0.1467304744553616369,
0.9891765099647810144,
-0.9891765099647810144,
-0.1467304744553616369,
-0.3136817403988914066,
0.9495281805930366748,
-0.9495281805930366748,
-0.3136817403988914066,
-0.4713967368259976976,
0.8819212643483550496,
-0.8819212643483550496,
-0.4713967368259976976,
-0.6152315905806267082,
0.7883464276266063386,
-0.7883464276266063386,
-0.6152315905806267082,
-0.7409511253549588838,
0.6715589548470185521,
-0.6715589548470185521,
-0.7409511253549588838,
-0.8448535652497071169,
0.5349976198870971533,
-0.5349976198870971533,
-0.8448535652497071169,
-0.9238795325112867385,
0.3826834323650898928,
-0.3826834323650898928,
-0.9238795325112867385,
-0.9757021300385284590,
0.2191012401568700474,
-0.2191012401568700474,
-0.9757021300385284590,
-0.9987954562051724050,
0.0490676743274179664,
-0.0490676743274179664,
-0.9987954562051724050,
-0.9924795345987099671,
-0.1224106751992160985,
0.1224106751992160985,
-0.9924795345987099671,
-0.9569403357322089354,
-0.2902846772544621090,
0.2902846772544621090,
-0.9569403357322089354,
-0.8932243011955153245,
-0.4496113296546066507,
0.4496113296546066507,
-0.8932243011955153245,
-0.8032075314806449429,
-0.5956993044924332459,
0.5956993044924332459,
-0.8032075314806449429,
-0.6895405447370670515,
-0.7242470829514667807,
0.7242470829514667807,
-0.6895405447370670515,
-0.5555702330196021776,
-0.8314696123025452357,
0.8314696123025452357,
-0.5555702330196021776,
-0.4052413140049903606,
-0.9142097557035304689,
0.9142097557035304689,
-0.4052413140049903606,
-0.2429801799032641207,
-0.9700312531945439742,
0.9700312531945439742,
-0.2429801799032641207,
-0.0735645635996673569,
-0.9972904566786902070,
0.9972904566786902070,
-0.0735645635996673569,
0.0980171403295600902,
-0.9951847266721969287,
0.9951847266721969287,
0.0980171403295600902,
0.2667127574748981989,
-0.9637760657954399512,
0.9637760657954399512,
0.2667127574748981989,
0.4275550934302821404,
-0.9039892931234433382,
0.9039892931234433382,
0.4275550934302821404,
0.5758081914178448946,
-0.8175848131515839334,
0.8175848131515839334,
0.5758081914178448946,
1.0000000000000000000,
0.0000000000000000000,
-0.0000000000000000000,
1.0000000000000000000,
0.9831054874312162850,
0.1830398879551409508,
-0.1830398879551409508,
0.9831054874312162850,
0.9329927988347389567,
0.3598950365349881109,
-0.3598950365349881109,
0.9329927988347389567,
0.8513551931052651955,
0.5245896826784689493,
-0.5245896826784689493,
0.8513551931052651955,
0.7409511253549592169,
0.6715589548470183301,
-0.6715589548470183301,
0.7409511253549592169,
0.6055110414043255451,
0.7958369046088834553,
-0.7958369046088834553,
0.6055110414043255451,
0.4496113296546065952,
0.8932243011955153245,
-0.8932243011955153245,
0.4496113296546065952,
0.2785196893850530597,
0.9604305194155657865,
-0.9604305194155657865,
0.2785196893850530597,
0.0980171403295607702,
0.9951847266721968177,
-0.9951847266721968177,
0.0980171403295607702,
-0.0857973123444397551,
0.9963126121827780013,
-0.9963126121827780013,
-0.0857973123444397551,
-0.2667127574748983099,
0.9637760657954398402,
-0.9637760657954398402,
-0.2667127574748983099,
-0.4386162385385273810,
0.8986744656939539277,
-0.8986744656939539277,
-0.4386162385385273810,
-0.5956993044924333569,
0.8032075314806449429,
-0.8032075314806449429,
-0.5956993044924333569,
-0.7326542716724127047,
0.6806009977954532442,
-0.6806009977954532442,
-0.7326542716724127047,
-0.8448535652497071169,
0.5349976198870971533,
-0.5349976198870971533,
-0.8448535652497071169,
-0.9285060804732154782,
0.3713171939518377096,
-0.3713171939518377096,
-0.9285060804732154782,
-0.9807852804032304306,
0.1950903220161286089,
-0.1950903220161286089,
-0.9807852804032304306,
-0.9999247018391445030,
0.0122715382857200069,
-0.0122715382857200069,
-0.9999247018391445030,
-0.9852776423889413326,
-0.1709618887603009674,
0.1709618887603009674,
-0.9852776423889413326,
-0.9373390119125749598,
-0.3484186802494345647,
0.3484186802494345647,
-0.9373390119125749598,
-0.8577286100002721181,
-0.5141027441932215503,
0.5141027441932215503,
-0.8577286100002721181,
-0.7491363945234592592,
-0.6624157775901717837,
0.6624157775901717837,
-0.7491363945234592592,
-0.6152315905806272633,
-0.7883464276266058945,
0.7883464276266058945,
-0.6152315905806272633,
-0.4605387109582398941,
-0.8876396204028540460,
0.8876396204028540460,
-0.4605387109582398941,
-0.2902846772544624421,
-0.9569403357322088244,
0.9569403357322088244,
-0.2902846772544624421,
-0.1102222072938833092,
-0.9939069700023560605,
0.9939069700023560605,
-0.1102222072938833092,
0.0735645635996669822,
-0.9972904566786902070,
0.9972904566786902070,
0.0735645635996669822,
0.2548656596045139611,
-0.9669764710448522926,
0.9669764710448522926,
0.2548656596045139611,
0.4275550934302821404,
-0.9039892931234433382,
0.9039892931234433382,
0.4275550934302821404,
0.5857978574564387531,
-0.8104571982525948792,
0.8104571982525948792,
0.5857978574564387531,
0.7242470829514666697,
-0.6895405447370671626,
0.6895405447370671626,
0.7242470829514666697,
0.8382247055548377457,
-0.5453249884220467969,
0.5453249884220467969,
0.8382247055548377457
