1.0000000000000000000,
-0.0000000000000000000,
0.0000000000000000000,
1.0000000000000000000,
0.9238795325112867385,
-0.3826834323650897818,
0.3826834323650897818,
0.9238795325112867385,
0.7071067811865475727,
-0.7071067811865475727,
0.7071067811865475727,
0.7071067811865475727,
0.3826834323650898373,
-0.9238795325112867385,
0.9238795325112867385,
0.3826834323650898373,
0.0000000000000000612,
-1.0000000000000000000,
1.0000000000000000000,
0.0000000000000000612,
-0.3826834323650897263,
-0.9238795325112867385,
0.9238795325112867385,
-0.3826834323650897263,
-0.7071067811865474617,
-0.7071067811865475727,
0.7071067811865475727,
-0.7071067811865474617,
-0.9238795325112867385,
-0.3826834323650898928,
0.3826834323650898928,
-0.9238795325112867385
