1.0000000000000000000,
-0.0000000000000000000,
0.0000000000000000000,
1.0000000000000000000,
0.9807852804032304306,
-0.1950903220161282481,
0.1950903220161282481,
0.9807852804032304306,
0.9238795325112867385,
-0.3826834323650897818,
0.3826834323650897818,
0.9238795325112867385,
0.8314696123025452357,
-0.5555702330196021776,
0.5555702330196021776,
0.8314696123025452357,
0.7071067811865475727,
-0.7071067811865475727,
0.7071067811865475727,
0.7071067811865475727,
0.5555702330196022887,
-0.8314696123025452357,
0.8314696123025452357,
0.5555702330196022887,
0.3826834323650898373,
-0.9238795325112867385,
0.9238795325112867385,
0.3826834323650898373,
0.1950903220161283314,
-0.9807852804032304306,
0.9807852804032304306,
0.1950903220161283314,
0.0000000000000000612,
-1.0000000000000000000,
1.0000000000000000000,
0.0000000000000000612,
-0.1950903220161281926,
-0.9807852804032304306,
0.9807852804032304306,
-0.1950903220161281926,
-0.3826834323650897263,
-0.9238795325112867385,
0.9238795325112867385,
-0.3826834323650897263,
-0.5555702330196019556,
-0.8314696123025453467,
0.8314696123025453467,
-0.5555702330196019556,
-0.7071067811865474617,
-0.7071067811865475727,
0.7071067811865475727,
-0.7071067811865474617,
-0.8314696123025453467,
-0.5555702330196021776,
0.5555702330196021776,
-0.8314696123025453467,
-0.9238795325112867385,
-0.3826834323650898928,
0.3826834323650898928,
-0.9238795325112867385,
-0.9807852804032304306,
-0.1950903220161286089,
0.1950903220161286089,
-0.9807852804032304306
