1.0000000000000000000,
-0.0000000000000000000,
0.0000000000000000000,
1.0000000000000000000,
0.9951847266721969287,
-0.0980171403295606036,
0.0980171403295606036,
0.9951847266721969287,
0.9807852804032304306,
-0.1950903220161282481,
0.1950903220161282481,
0.9807852804032304306,
0.9569403357322088244,
-0.2902846772544623311,
0.2902846772544623311,
0.9569403357322088244,
0.9238795325112867385,
-0.3826834323650897818,
0.3826834323650897818,
0.9238795325112867385,
0.8819212643483550496,
-0.4713967368259976420,
0.4713967368259976420,
0.8819212643483550496,
0.8314696123025452357,
-0.5555702330196021776,
0.5555702330196021776,
0.8314696123025452357,
0.7730104533627369934,
-0.6343932841636454878,
0.6343932841636454878,
0.7730104533627369934,
0.7071067811865475727,
-0.7071067811865475727,
0.7071067811865475727,
0.7071067811865475727,
0.6343932841636454878,
-0.7730104533627368824,
0.7730104533627368824,
0.6343932841636454878,
0.5555702330196022887,
-0.8314696123025452357,
0.8314696123025452357,
0.5555702330196022887,
0.4713967368259978086,
-0.8819212643483549385,
0.8819212643483549385,
0.4713967368259978086,
0.3826834323650898373,
-0.9238795325112867385,
0.9238795325112867385,
0.3826834323650898373,
0.2902846772544623311,
-0.9569403357322089354,
0.9569403357322089354,
0.2902846772544623311,
0.1950903220161283314,
-0.9807852804032304306,
0.9807852804032304306,
0.1950903220161283314,
0.0980171403295607702,
-0.9951847266721968177,
0.9951847266721968177,
0.0980171403295607702,
0.0000000000000000612,
-1.0000000000000000000,
1.0000000000000000000,
0.0000000000000000612,
-0.0980171403295606453,
-0.9951847266721969287,
0.9951847266721969287,
-0.0980171403295606453,
-0.1950903220161281926,
-0.9807852804032304306,
0.9807852804032304306,
-0.1950903220161281926,
-0.2902846772544621645,
-0.9569403357322089354,
0.9569403357322089354,
-0.2902846772544621645,
-0.3826834323650897263,
-0.9238795325112867385,
0.9238795325112867385,
-0.3826834323650897263,
-0.4713967368259976976,
-0.8819212643483550496,
0.8819212643483550496,
-0.4713967368259976976,
-0.5555702330196019556,
-0.8314696123025453467,
0.8314696123025453467,
-0.5555702330196019556,
-0.6343932841636453768,
-0.7730104533627371044,
0.7730104533627371044,
-0.6343932841636453768,
-0.7071067811865474617,
-0.7071067811865475727,
0.7071067811865475727,
-0.7071067811865474617,
-0.7730104533627369934,
-0.6343932841636454878,
0.6343932841636454878,
-0.7730104533627369934,
-0.8314696123025453467,
-0.5555702330196021776,
0.5555702330196021776,
-0.8314696123025453467,
-0.8819212643483549385,
-0.4713967368259978086,
0.4713967368259978086,
-0.8819212643483549385,
-0.9238795325112867385,
-0.3826834323650898928,
0.3826834323650898928,
-0.9238795325112867385,
-0.9569403357322088244,
-0.2902846772544623866,
0.2902846772544623866,
-0.9569403357322088244,
-0.9807852804032304306,
-0.1950903220161286089,
0.1950903220161286089,
-0.9807852804032304306,
-0.9951847266721968177,
-0.0980171403295608257,
0.0980171403295608257,
-0.9951847266721968177
