0.008511543277889277447912,
0.389571428480358528112504,
0.527277469880542470903606,
0.924596667720282816560484,
0.795077205074521398131537,
0.994260073171118308188454,
0.378565311608167975876427,
0.346659898919360665026090,
-0.308624267721839373734838,
-0.273785472043690025767404,
-0.655007481880023889608822,
-0.327518344077988687867986,
-0.371047496968436751885179,
-0.009167432789303098239486,
0.078933119810620844258864,
0.215248823266126598774406,
0.170234441836473737730273,
0.172101974567445914487962,
0.062247395544428096858525,
-0.065828323394911514299110,
-0.121613383349782500086889,
-0.084220767060397550007877,
-0.057837128666153703182573,
0.048364877723327315273139,
0.051600217843242091042555,
0.075517296826242141793983,
-0.011903882032215540309750,
-0.026986241353203654913528,
-0.124679684697035553231359,
-0.107138991405786476729389,
-0.120274782236793442713463,
-0.050027608894755881685512,
-0.033464431778278402873639,
0.020278453836347187788647,
-0.039430856723073337555263,
-0.057295799282051529388582,
-0.136552810732532670101591,
-0.130849599899188429041885,
-0.176278352819512762472698,
-0.118376612718392448808657,
-0.106788992931502402239374,
-0.034218549744327808603828,
-0.048887729667540513744939,
-0.011264920239925813039150,
-0.036651015298744205050951,
-0.006421089175353333899920,
-0.022379159937789272483144,
0.013087391859426811269174,
-0.028563857091853328551423,
-0.033879876152556331891930,
-0.078150868452224353521984,
-0.079297065771788854959823,
-0.121061086711036547391984,
-0.108234643986557910189106,
-0.113047123007963934426812,
-0.094056487127233523448666,
-0.094639062925539474413483,
-0.061955213575603074183107,
-0.047849893592228132099820,
-0.002685070039092130045333,
0.014358162886629888266299,
0.049537539505184413624050,
0.042534828205841979098523,
0.048795461677385243426386,
0.008651494983887064726957,
-0.006140351298330515295021,
-0.051043510460780705528805,
-0.061501860647230344181224,
-0.091777682347119637906729,
-0.070786356958926821558720,
-0.059603571919539743984018,
-0.017110943802218392395531,
0.000968456268761519467603,
0.035533308999395607497007,
0.030269742026119372813042,
0.048691034339690131282907,
0.034191608444876786521149,
0.026880979550481298723241,
-0.017074823387467685797958,
-0.037724137323780049246835,
-0.081552624740429513483519,
-0.092806696935001153914158,
-0.105627417613578689081777,
-0.075294971501126406465687,
-0.067581653626440862936420,
-0.041623711605381086275912,
-0.041957497616278704999360,
-0.021842598925271350385202,
-0.028963565839903226972751,
-0.019134044656126780736827,
-0.034428238884745276937593,
-0.030857086196009575473909,
-0.042565226574691583660837,
-0.030969500556108309208270,
-0.036793828027692543347626,
-0.029496550573732960298656,
-0.046295762083630898064968,
-0.056896090534001630967254,
-0.090954899830257007753431,
-0.103017926264096948418825,
-0.126175761281594522866811,
-0.118409156854454966634194,
-0.113769292884398853793471,
-0.081719040908719897675638,
-0.070372343096124168049244,
-0.049091815971346486335847,
-0.055758714701867995167106,
-0.052579522157357783118670,
-0.066151499779034172998848,
-0.058867335346931282114014,
-0.060927987127065652561697,
-0.040623426456294686737181,
-0.028877377523517877566661,
-0.002205014229847590545575,
0.005815744402732581086468,
0.020972371111145415856214,
0.013895511633667867457120,
0.014566898352730506260855,
-0.001056432724490963259711,
-0.006258487704330351064641,
-0.023242950450276467222466,
-0.026747822773991070111066,
-0.039133787173374456891395,
-0.038157463091498922125311,
-0.042312145252857424893023,
-0.034054040924671125090128,
-0.029753208174255307838507,
-0.015142083175080867096796,
-0.006168365481387994009310,
0.001754760743004624146124,
-0.003094673158179350735963,
-0.004324436189757863147065,
-0.011189579968894636241572,
-0.014777421958175218641429,
-0.023636221896687625854128,
-0.021729350100145372604032,
-0.028123736394626897006077,
-0.020767927179470624388102,
-0.012965679174738786727517,
0.007566452029890591290950,
0.015937209136754837413008,
0.032808542266864582082064,
0.033674597755854296377009,
0.033126592651534170208549,
0.017604827889057261813832,
0.008165597919451816899539,
-0.010002136235126357632907,
-0.015645861632957058784399,
-0.017503142365023094395582,
-0.005371093752501110429876,
0.008577466015041557145793,
0.028123855603916503298478,
0.039125800150970835300512,
0.047090649626725655796378,
0.046514391920768838328826,
0.042178869267077589988446,
0.031583428397580715074611,
0.020751833925373774913936,
0.006724596026690954353455,
-0.004171013834034564826680,
-0.015295505530804165417180,
-0.022273540507198097415653,
-0.031901359572960696908694,
-0.039257168788116969526669,
-0.046817898772106458782361,
-0.049435496353281427328596,
-0.051316618943268721420026,
-0.047108173392297780779359,
-0.041504025478616368705076,
-0.032397508636302085882619,
-0.023501038562274090271131,
-0.009894609455901481886997,
0.001816272736441471025159,
0.015003442771268749034164,
0.020631909380029844758297,
0.022495985041603439036351,
0.013572454458834815049784,
0.005397081377635282173344,
-0.007752776149545226314075,
-0.017976284035470468936069,
-0.030074358000454659567424,
-0.034394860283655515065249,
-0.039468526858588925954052,
-0.035313010232203179139532,
-0.027383565915461427486832,
-0.011785864835505310832531,
-0.000563025474810519011015,
0.013184905058324758453381,
0.019230008134259846119818,
0.025490880024382323032484,
0.022866606722989402111779,
0.022397637377678247805335,
0.016566753395165667583910,
0.018621087082950904534329,
0.019061684617335761249279,
0.026734113705686346484924,
0.031100392356096018264822,
0.037954211252720193581212,
0.041630983372047070112387,
0.047303795836541706609779,
0.048346161864859127366145,
0.050297498726424527681900,
0.049841642402970065539591,
0.050271034264131930768826,
0.045993089697320521658241,
0.045484542867860078274589,
0.042564034481795520736824,
0.043974757214996385012995,
0.039657950419773324579609,
0.041874170322843906610899,
0.038978338259727851600189,
0.041488647480257156985317,
0.036037087457271799184610,
0.034486413018073147629394,
0.026186466229235039193668,
0.022159934054203300757280,
0.013015627867083823243632,
0.008217573169720160386476,
-0.000100970268296529663843,
-0.003163218499702968866671,
-0.007497072223339729113434,
-0.002539992333641272193034,
0.002954363824312744579714,
0.015239357955399601696200,
0.021997690211049136799204,
0.029810071005397509313894,
0.029141306890706208942987,
0.029492616667175952649416,
0.023456692706540549497873,
0.021865129481006939649035,
0.015746831901253588448242,
0.014245986945110367116740,
0.009506821636812212705792,
0.011570096021317921586302,
0.007167339328288724331628,
0.008029699329300643562135,
0.000209331512548649456562,
-0.000541925430550205255997,
-0.007017254832674402198478,
-0.001056790352359782136915,
-0.000229120254623293995166,
0.011051774030109762225749,
0.013203382498213733775572,
0.020277857789899156326641,
0.016442656524685517194229,
0.017611622818564820480702,
0.007911086086142382622910,
0.002591490746751190510366,
-0.009819865231318336551425,
-0.012813210493332338746342,
-0.018147230156765892239434,
-0.012252330785734732998549,
-0.010031938557527930733215,
-0.002788186074601572972398,
-0.004309415819267470304510,
-0.003022193910098724956015,
-0.008143186573005833928107,
-0.007874846462102069732936,
-0.011334061627897462631864,
-0.009052634243412238657100,
-0.009923577313275810940496,
-0.003661870958126089981022,
-0.000778317451839483087639,
0.006139278414724058663410,
0.007109642032119278809432,
0.012425422674243069565136,
0.012904286390591546140882,
0.019655942926023128869417,
0.021960139284823154692816,
0.029758334173708378411760,
0.030876755728794613720112,
0.035217642800518145218547,
0.032783985153205685847411,
0.034553408638831883958886,
0.031225204482313806408911,
0.030746102347386117248362,
0.026803135884368389785237,
0.027040600789264124248490,
0.026556134236304151929886,
0.030265808119562365163802,
0.032583236709508689443737,
0.036194562928841711446637,
0.036478281038104687361567,
0.036686301248467667601716,
0.034276604668366073003227,
0.033989667908283727193464,
0.032190918937414381151285,
0.033167719856448341086974,
0.033149838463007397226789,
0.036280393617358241975523,
0.037845373171309648618887,
0.041294574756778112956113,
0.040978670139321438092850,
0.039892196673849689148028,
0.034520149247031728378943,
0.029302477850253916269452,
0.022207498560756211425371,
0.016595959671119209222212,
0.009746313099631254139865,
0.004466533662968563689333,
0.000107288360645663161108,
-0.001202583313548277743621,
-0.001271486282940714751533,
0.000249266624566757410975,
0.001095175743613008290112,
0.001146316528854107730240,
0.000230550766098569503981,
-0.000930428505377112191610,
-0.002793192864765037253250,
-0.006007075312550680390444,
-0.008899688724847365506321,
-0.013335108763228686878932,
-0.013916015631480149750132,
-0.015310883529163377136939,
-0.011543631559025324673229,
-0.011379837995106278913937,
-0.005510210993471653662112,
-0.004569888117057219201200,
0.001726865769236751724236,
0.001476287842484325096848,
0.004572272302849345049225,
0.001504421234831410103538,
0.001846194268132650417868,
0.000343084335486909530744,
0.002458214760971355605790,
0.004470348360235965046172,
0.006341457369896330575898,
0.006160855296142797588033,
0.002995610238516521750540,
-0.000303864479206439330738,
-0.004317045213802273018189,
-0.005931973460098716177669,
-0.006818056109742287596021,
-0.006702065470955365089623,
-0.005378127100587881681548,
-0.006007909777577924437253,
-0.004686951639450598339209,
-0.007043719294966999111551,
-0.006183743479747205729069,
-0.010432362561315466908951,
-0.007950544361002065407718,
-0.007644891742451531690961,
0.001614093781269199112671,
0.007278680804781001434378,
0.018221139916321793528198,
0.023943781863871860249304,
0.032753229156487262407893,
0.035807251946910867435037,
0.039924502391332994388762,
0.038020849245610111033500,
0.036168813722286752287971,
0.030669450774169271234371,
0.026933789265776886256987,
0.022160768519230544804088,
0.019424676904186921611029,
0.014982938773456466741152,
0.012088656431105293531658,
0.008760213856008003396880,
0.007604241374695785982141,
0.006049871447519339362486,
0.006291985514709719229387,
0.005922913554088637955175,
0.008297920230914801464905,
0.010051488881023362687017,
0.014540910727596334517386,
0.017094016083094298874556,
0.020071983346749089349714,
0.019001364716794977294256,
0.018407106408107609674119,
0.015450477607292345538781,
0.014867901808986394573964,
0.013615012175224261437023,
0.014338254935265637435293,
0.013296842581265067018137,
0.012368559843100868089749,
0.009052753452701844949502,
0.006146192553521223622681,
0.001650929451757543464652,
-0.001843810082340524569844,
-0.004678249361309338993919,
-0.004885077478776256310056,
-0.004179239275017399002365,
-0.002732753754934647005825,
-0.002149939538049483456206,
-0.002660393716143627518278,
-0.004133939744967007889898,
-0.005311965944856389398865,
-0.007193684581291714952300,
-0.009157896046134594847388,
-0.012438654905389368021673,
-0.015083670623173783820192,
-0.018556833275853112930065,
-0.020342230806286554223306,
-0.021969437609412445500112,
-0.022942185412599791494159,
-0.021990776072251971839933,
-0.021437048922030743636213,
-0.017618656166651591732375,
-0.016721129425205816243505,
-0.011158704762886606509653,
-0.011312961583637148876846,
-0.006862998011923859831285,
-0.010249018673900989195857,
-0.008765101436881861385331,
-0.013606667524951820968937,
-0.012572288519038021803453,
-0.015531063087066199202013,
-0.013419151312401123021800,
-0.014155626303588797476607,
-0.012451887136535666478210,
-0.012243628507593473653259,
-0.011821389203807985968098,
-0.011032581334483149149150,
-0.010930299764000950268894,
-0.008265376094852283639369,
-0.006364345553500738716934,
-0.002214431763726487645272,
-0.000589847564971934801292,
0.002475976945122693173573,
0.003308057786574614134167,
0.006525039675890020873794,
0.007917404178491516120175,
0.012572526937617234388256,
0.015163302428630787144215,
0.021070837984360213379631,
0.022830009471080270344601,
0.027120709431879552742117,
0.024539351474744897085856,
0.024884343158865507295019,
0.017882704743129529401102,
0.016046524055323807544937,
0.008926868442877600173802,
0.008016943935312770275203,
0.003477334977815549343916,
0.005295753481469933632297,
0.003821492196908915506270,
0.006159424784667522079218,
0.004687905313767448678419,
0.005328178408242845165432,
0.002734422684989135099443,
0.001175642014097255660943,
-0.001422047615713462054288,
-0.002084255219476416343127,
-0.001937866211839889274415,
-0.000408291816901551474217,
0.001410603523911257983769,
0.001831054688352651282912,
0.002581596375713868241064,
0.002369880677373092936477,
0.003103137017741397496451,
0.001824498177424305200844,
0.000639200210868939855402,
-0.003125786782766593052685,
-0.006876707080228583457426,
-0.010841131215375443552773,
-0.014272809035271782907017,
-0.016336321838356704372330,
-0.017555594452449863052124,
-0.015588641173946038431808,
-0.014555454260928302190337,
-0.010279417042750593758171,
-0.010013699536218167995827,
-0.007640719417315311456917,
-0.010545611386441444690121,
-0.010181546215983827696760,
-0.014840126044508128444477,
-0.014134883887197302598793,
-0.017594337471571908082524,
-0.015951395042217986208755,
-0.018429517754553592645550,
-0.015653371818202255205676,
-0.016544461258009290904880,
-0.012703776365473762322011,
-0.012596607214117705453305,
-0.009196639065256639877788,
-0.010816812520295759902922,
-0.009320497517157577682667,
-0.012655019766024788729908,
-0.011165022855235740006918,
-0.014422416693727679870562,
-0.013133645063794052720851,
-0.015874266631842715025158,
-0.013562798506376705365284,
-0.013674139982868982468034,
-0.009550690655387328309445,
-0.008087515834759695376732,
-0.005221366884755607173929,
-0.004471659662421634262586,
-0.003564357759228142796815,
-0.002429723740755451721895,
-0.001595497132090617498079,
-0.000200271606538571234069,
0.000319361686855257342899,
0.001573801041382272281055,
0.003136754037410371953598,
0.005021810533954673694268,
0.007515907291097523312828,
0.008493185047289908418122,
0.010157823567352175508915,
0.009724378590343696338039,
0.010623693471133566212927,
0.009722948078868420829224,
0.009773969654819913976951,
0.007372498515701153554147,
0.004930496218116253714925,
0.001129150391150801624462,
-0.001853346825509027961942,
-0.004570961000663675832811,
-0.006368756297216171535780,
-0.007295012477457063493347,
-0.007245659831560058439237,
-0.006360173228364518482891,
-0.005679726603291801456663,
-0.006303071978643104422702,
-0.008712887768034305313591,
-0.012154579168257573229539,
-0.015133261687650001459104,
-0.017214179047017441614997,
-0.017478823669943410745731,
-0.016656160362370386884834,
-0.014733791358179315622579,
-0.012196779256778200739575,
-0.009546995167409533245007,
-0.007035970691142590105471,
-0.005519866945929763346612,
-0.004791855814304135652293,
-0.004937767984782237551400,
-0.004668116571692804139815,
-0.003569602967970819662469,
-0.001755237580163049315729,
0.000374794006522183309471,
0.001525640488381330150958,
0.003030180932502346546897,
0.002436399460973404096364,
0.002812504769681256622249,
0.001187086105899459731461,
0.001504302025541803811137,
-0.000447034836023596504617,
-0.000287055969371952102165,
-0.003120899201892735064234,
-0.003735065461944353515378,
-0.007858276370846795089165,
-0.009588122372323704123431,
-0.014872550971281039977612,
-0.015096068389292838229920,
-0.018122911461686208589583,
-0.013892054564269284977485,
-0.014374852187174769202471,
-0.008358716968614010589533,
-0.010234713559148234107710,
-0.006538271907036319330331,
-0.010493040089725069741178,
-0.008271455768622204551832,
-0.013119101530462085047901,
-0.011773228650807043838000,
-0.015674352653172962668293,
-0.012686252599901637339030,
-0.013645648962653078584140,
-0.008717298511749738132437,
-0.009449958805670011230404,
-0.006733775141990638868350,
-0.009340763096390647390876,
-0.008505702022698569120251,
-0.010789632802265525235441,
-0.008707642559291628447937,
-0.008787274364748631771960,
-0.004650831224699891741636,
-0.003468036653226258536620,
0.001115560532135684290722,
0.001369714737576299690147,
0.005434274675992445402528,
0.003053665162554786149940,
0.006887316707003543481136,
0.004578709604488084838891,
0.011282324796208331729730,
0.010717868809922537209900,
0.018590927132680512556817,
0.016314625747648359155306,
0.021091818819330920842248,
0.015966176994129166466507,
0.018731355675836725005468,
0.013598680502548199378055,
0.015815496452066812871351,
0.011422991757943756763183,
0.013495206839169937573786,
0.010368585591376100474292,
0.011579513555196818685999,
0.007143735888946678436184,
0.004037737848254729922104,
-0.002693176270785357928617,
-0.007809758189977034081863,
-0.012078881269357577554757,
-0.013988852507429594407284,
-0.013469576841904584707521,
-0.012815952306993283471570,
-0.011031866078745511394743,
-0.010916471486406620350351,
-0.011188149457419360732757,
-0.012477397924511413052073,
-0.013584971434243475751913,
-0.013466835028243639982293,
-0.011993408208709865903074,
-0.008128881458253078839959,
-0.004124999048246535959805,
0.000402927398869268316162,
0.002945184709013060064819,
0.003710031511127032111119,
0.003002762795892899294614,
0.001859903336437374044010,
0.001926422120037685203897,
0.002389907838026950059884,
0.004560232164599109516701,
0.006357789042572392634867,
0.008455038074615894849728,
0.009378433231906235789666,
0.009300708775082933144063,
0.007788181308558295157241,
0.005801439287979825998320,
0.003346681596407052872166,
0.001380443573640866006258,
0.000120162963923142740441,
-0.000626564026170672860871,
-0.001520276070349046992902,
-0.001966953278503824620316,
-0.002162098885589325281131,
-0.001867413521682570465288,
-0.000805974007028142924725,
0.000234484672655577153222,
0.001527428627725424536976,
0.001553177834280383695642,
0.001764178276883521245821,
-0.000073313713107869826757,
-0.000345349311989429086367,
-0.003925800325314421357348,
-0.004899859430687436567808,
-0.008898854259820121459512,
-0.008530139927067859062504,
-0.010419607167327593622019,
-0.008086919788311663914726,
-0.008389830593201252906255,
-0.006368279460057746366175,
-0.006654977801560879591136,
-0.006699919703742451826400,
-0.006170272830021694687730,
-0.006746530535978512155282,
-0.003994822503996464657661,
-0.003604769708404675920832,
0.001592993737008885357653,
0.002370476723821124398484,
0.007777452472493728841130,
0.007818698886697506011956,
0.011216282849766445739448,
0.009805321697986368878475,
0.012318134313597406404028,
0.012548089033247944446003,
0.015603661544436431274363,
0.016341805465678593822787,
0.017911434181924645869799,
0.017187356956856025824720,
0.016348481185896546197256,
0.013966083533114792558649,
0.011250376706593845366200,
0.008500099186087073377394,
0.006461143496661048146734,
0.004521250726897851901498,
0.003270387651059025735378,
0.001232504845239457136330,
-0.000400304794497929883335,
-0.002670288087180949787580,
-0.003683447839544828905645,
-0.004441499712151242285074,
-0.003770470620957422358543,
-0.002893209458744716577883,
-0.002304792405248057285405,
-0.001371145249051575198962,
-0.002046227456092009067135,
-0.001490831375816292769798,
-0.002267956734759712933425,
-0.000022768974314801848635,
0.000240564346425498065685,
0.003237366677838082740237,
0.003200650216639344680658,
0.006474971774255378065277,
0.006121277811993508510824,
0.009106755260893495407259,
0.008746385578413673478337,
0.011069774632840312378335,
0.010264396672260200915616,
0.012420654302658817869087,
0.011549711232795245585692,
0.012432217603750628232007,
0.010057568554793283599480,
0.008865833286599178464371,
0.005604386332260624659085,
0.004001259805635204447327,
0.002102613450075785372917,
0.001352310181293780999567,
0.000483632087932728271795,
-0.000559568405411936531380,
-0.001478552818986844652471,
-0.002760171891544094258109,
-0.003591656686547983756697,
-0.005008459093518768945330,
-0.005934715273759660902897,
-0.007623314861032792766338,
-0.008163571361528509928718,
-0.009998440747148562568469,
-0.010121822361891075203744,
-0.012662887579138804028389,
-0.012730836874214390697091,
-0.015278458602390465603804,
-0.013923406607435739879008,
-0.015441298491992661023886,
-0.013191580778542710827850,
-0.014570355422129088740490,
-0.012942671781844772294079,
-0.014012932783930065472333,
-0.012590289121768571956039,
-0.012706279760555494462437,
-0.010507225995188218536924,
-0.008313059810694800599862,
-0.004776477815944923932534,
-0.001103878021754267635401,
0.002389192582289312305477,
0.005716085436621720639039,
0.007249116900958640918873,
0.008708834652187691371950,
0.008610963825420925310539,
0.009007215504072241252231,
0.008021235469738596801648,
0.008582830433073840303848,
0.008083105091044262557887,
0.009915351872292976764811,
0.010019302372829663738685,
0.011723279958462007321884,
0.010923981671651816771629,
0.011084079747593067466482,
0.009059429172919797323971,
0.008172988895407407028415,
0.006504178050208919703579,
0.005601048472151648471851,
0.005049228670564120946551,
0.003434062005688465202269,
0.003482699395847832501971,
0.000540137291206110869979,
0.000338435173192264127096,
-0.003251791001880444120786,
-0.002754688264222204807652,
-0.006141424181936971926632,
-0.005289793016989619012236,
-0.007684111598732001890966,
-0.006359934809785305898089,
-0.007726192477963023108600,
-0.006563782695012065904194,
-0.007065057757806525451372,
-0.005052089693514671964181,
-0.003995656969023708704469,
-0.000990986824497108731435,
0.000063180923491334972653,
0.002048969269752953792363,
0.001039147377498050861533,
0.002227902413451998686611,
0.000221014022930066111883,
0.001273155212995202845150,
-0.000817894935988772164848,
-0.000044822692891965942863,
-0.002063393593795315172912,
-0.000949740410293331560609,
-0.002183318139139245328550,
-0.000845074654019006832328,
-0.000765681267141216093108,
-0.000600099563878075947798,
-0.000597238540927524930169,
-0.001307845116270633933908,
-0.001334786415721656016586,
-0.002823114396456216645959,
-0.002450108529278127722506,
-0.004320979120359280667429,
-0.002491116524902692308530,
-0.003615140916600423359739,
-0.001640200615692977148541,
-0.003463625909510825717774,
-0.002935290337975737795517,
-0.006426334384096010765575,
-0.006908655169843069820956,
-0.010325193409959410040244,
-0.010647058491896399523569,
-0.012407064443643700535347,
-0.012087345128919624315245,
-0.012542724615215661287948,
-0.011246323590747231424558,
-0.011196732526271013785646,
-0.010156393055876900000101,
-0.009835124020387941978782,
-0.009822249417110462399449,
-0.009180784229739002988424,
-0.008752346042893988098399,
-0.007253885272542892614922,
-0.006203293803242637682871,
-0.004782199861846025967793,
-0.004657387735628237823704,
-0.003068447114465966407693,
-0.004121184350979134602966,
-0.002900123597541881537154,
-0.003568768502943575615660,
-0.001541495323898967040321,
-0.000706434250206888769696,
0.002640366555489770394871,
0.003800034524779782874049,
0.006068587305987527269480,
0.005846142771582185648782,
0.006047725680306426099264,
0.005719184878151484241471,
0.005584716799475586412882,
0.006263256075914602760690,
0.007274866107513600077539,
0.008401870731451488438779,
0.008849501613923116405402,
0.008597493175695414269200,
0.008173465732565832198020,
0.006617307666045291192347,
0.006368756297216171535780,
0.003601431848295699733598,
0.004355549814345105463786,
0.002162337304168537865934,
0.004974842073849794488183,
0.002135038376848696906052,
0.004927277567296883820092,
0.000959038734882622367905,
0.004244685175011253530641,
0.000780940056210821520466,
0.005015492441605540197003,
0.001556038857230934713272,
0.005672574045915423912589,
0.002817153931975902025897,
0.006309270861702631627566,
0.003691434861948450496527,
0.004832386972770275068711,
0.001562476158869674502938,
0.001417756081287635527843,
0.000012397766119054409728,
0.000348329544229586396398,
0.001314997673647011477982,
0.001760959626064151350988,
0.003068685533045178992495,
0.001551508904225895602025,
0.001908659935886347636114,
-0.000759005546923263718639,
-0.000199556350800933479661,
-0.002550721169705838509145,
-0.001533627510784951741840,
-0.004250884058070780735505,
-0.002936601640161407011931,
-0.006058335307081386122974,
-0.005206584932844426916176,
-0.008970379833583896900251,
-0.008273601535835117815054,
-0.011095166211526452659797,
-0.008710384372952573173166,
-0.009334206585462301308809,
-0.006049275401071307900480,
-0.006103873255710989820244,
-0.004027962686507013945203,
-0.004835844042168857548347,
-0.003398895265254608943906,
-0.003461718560877125039354,
-0.001920461655557370583836,
-0.001497864723903064021471,
0.000504374504324223149609,
0.000590324402130359970897,
0.002525568009598910812485,
0.002084970475214054097535,
0.003611564637912234587702,
0.003495693208414918373705,
0.005428791048670555952071,
0.005815625193442974794067,
0.007802605632600656537790,
0.007897973064285690458775,
0.008786320690431781432750,
0.008695006374593361453407,
0.009395480160319935603042,
0.009665489201278187891830,
0.010671257977686476881019,
0.010993957524650710411152,
0.011368632321883287428221,
0.009405732159226076749547,
0.008208632472999688456383,
0.005123019220830415942913,
0.004237532617634875986568,
0.002229094506348061610623,
0.003211259843414304704368,
0.001883745194358632524256,
0.003979563714926859230303,
0.003196001054344699277010,
0.006153464320187207459156,
0.004258036615447158279579,
0.005786538126779039448166,
0.002899527551093850075148,
0.004067897798525121899615,
0.001926422120037685203897,
0.004257917406157551987178,
0.004103541376117403327584,
0.006344914439294913055534,
0.007061958316276761848940,
0.008151292804699061811391,
0.007819056514566324889159,
0.005564212801663304119870,
0.004101276399614883771960,
0.001753330231529348637309,
0.001430034638117083645170,
0.000217914581400302509451,
0.002004504204729806726704,
0.002740621568048662304307,
0.006473660472069708848863,
0.007170677188397700518863,
0.011764049535507359323105,
0.012341499334360239714670,
0.017363905914762944870944,
0.016560554512106140379046,
0.020390868196445921523008,
0.016542553909375590226460,
0.017535567291796005928717,
0.010557174687533255053040,
0.009432077412229067370220,
0.001628756523890773078023,
0.001077413559461670722328,
-0.004607439043283201307588,
-0.003284931184390993408329,
-0.007712483409658299482459,
-0.006722927096636466259838,
-0.012458920484622437729882,
-0.012792229658361631283725,
-0.018572926529949962404231,
-0.017636418350802929300158,
-0.020787000665807631172299,
-0.017347693451376489104376,
-0.017886042603238505588337,
-0.012829780584587613390113,
-0.012553334241990621311658,
-0.009239792828094117727034,
-0.011448264127340290752244,
-0.012245178228358355454475,
-0.016350746162399065752879,
-0.017492532738248134371872,
-0.018974423417343955211578,
-0.016955256469992574519523,
-0.013713359839149452668039,
-0.009457826618784026528886,
-0.006651878360031115988704,
-0.006269812586842948842758,
-0.007275223735382418954742,
-0.011210083966706918534584,
-0.013958096510711170967767,
-0.017257332809854919464243,
-0.016969800003324542192473,
-0.014962315566354578155739,
-0.009756684307827001578772,
-0.006268143656788460749141,
-0.003121972085499191695845,
-0.002139568329853736017299,
-0.002558827401399066392429,
-0.003992438318204338809636,
-0.003405332566893348733572,
-0.002139091492695310847694,
0.002307891846777820887837,
0.008844017986601226954946,
0.017111659057956030149938,
0.022781252871631296752497,
0.029284834875392184994070,
0.033945679680419005297409,
0.038456797617700322344803,
0.040801644344256093877021,
0.043863892575662533079850,
0.043843030949981431909634,
0.037605881708490607184814,
0.025947570812864029221601,
0.008609533313945649801724,
-0.005778551104375417857284,
-0.018422484406466821393877,
-0.018862009057245221477217,
-0.015896677978288697996589,
-0.002261400223831366851357,
0.004668831827430441894222,
0.010636329655831833207458,
0.002757191659303936948078,
-0.009371995930267495999999,
-0.031470656409613162463046,
-0.046754479430035911224905,
-0.055826425578364369251005,
-0.052294015908750712817721,
-0.039139628428565165219055,
-0.018716096886767119578110,
0.002296090127106797940115,
0.016716003425752745670252,
0.024886131298209601681037,
0.022427082072211002028439,
0.014599323279503417793990,
0.000423073768812731731970,
-0.013234019285642550922688,
-0.028087615979876190408504,
-0.036968588846255368007832,
-0.044577479383245799393620,
-0.048347950004203221752164,
-0.051076054596843223354341,
-0.049716472648883458518299,
-0.048490762733151560048839,
-0.042675852795446223009179,
-0.035079002396706027155915,
-0.024467945110270727937518,
-0.014405488974603586349588,
-0.002619385720519062932254,
0.003229975701882492611361,
0.007168769839763999840443,
0.006239295008703737988043,
0.005053520204989947472995,
0.000208973884679830579358,
-0.000638842583000120978198,
-0.001811742783436431913913,
0.001383781433749842193492,
0.004792213442172954529497,
0.011257886891839041787478,
0.014198064810688637571445,
0.016263246543828047130376,
0.017319560059029404097686,
0.018264412888448877669845,
0.019649267205805176494948,
0.020634293565821970606322,
0.022662282000604216936068,
0.022956967364510971751912,
0.025187611591623915163751,
0.025402545940784060363171,
0.026648998272907453710445,
0.026354432118290305187003,
0.026162743580603387005823,
0.023625850688491878415221,
0.020564794549981502136404,
0.019125580796564733976339,
0.016571760185329131864762,
0.015627384193068083462208,
0.013164758688381295037573,
0.012853026396060840408353,
0.009189248089301049748912,
0.006917595866563541751049,
0.001598119736461955930906,
-0.001484155655598340395329,
-0.005350828173268040721666,
-0.007187962535390612917041,
-0.009377002720430960280851,
-0.009609222416584017878449,
-0.009501814846648748424940,
-0.010736823086969937701696,
-0.009807348255909675849296,
-0.008033394817278438626573,
-0.005736470225144396639649,
-0.006928205493338501774758,
-0.006000518801622334308377,
-0.007321000102591235236815,
-0.008726000789890997477727,
-0.012220382696120246635019,
-0.012950062757800362422955,
-0.014615654952179479852958,
-0.014109492308511162317330,
-0.012614011770400224143884,
-0.010888099675480322758858,
-0.009256720547218211248008,
-0.008341431621621098191355,
-0.006394147875902311817242,
-0.006250739100505942058561,
-0.002277255059349003740721,
-0.000983595848541518602559,
0.003169178964183283486733,
0.002972602845622507317103,
0.007633209232070115035640,
0.007035970691142590105471,
0.011855602269924991887251,
0.010257005696304610786740,
0.014057159430373999953190,
0.011240482335556523096898,
0.012786984449618954418071,
0.008386731151671489303823,
0.008423209194291014778599,
0.006121873858441539972830,
0.007307171824996905318272,
0.007419824603674851637436,
0.009857296948254712365411,
0.010774374013195919808084,
0.010946035390228980865857,
0.009926795964095180835329,
0.008239507679007718188302,
0.004919886591341293691215,
0.002013087273581459779592,
-0.000641822815240278288229,
-0.001270294190044651827520,
-0.001097321510825921553334,
0.001241326332670322774021,
0.003204584123196352329899,
0.005412817003863312770306,
0.006838440898264963596631,
0.008229255680101577041796,
0.007553815845192324296420,
0.006988286975300073144979,
0.005342125895126781376376,
0.004469633104498327291765,
0.002461791039659544377827,
0.002885341645630701279401,
0.002388954163710099720674,
0.004295706750962746678368,
0.004762053491902562551985,
0.007991194728757811116537,
0.009526848797466069829198,
0.013012766844133272226003,
0.014063835150591952327659,
0.016478538520857011206999,
0.015641570098531232257955,
0.016284227378798754592992,
0.013347387320058134996259,
0.013291239744653571275279,
0.009779214863562590842605,
0.011045694356339841313286,
0.008008599285040329807117,
0.010438442235085387821414,
0.007506728175797838797934,
0.009709715847722122372687,
0.006241559985206257543666,
0.007083058360537075603958,
0.003625035287637745629041,
0.004075288774480712028492,
0.002540588380089303655041,
0.002832412721045507453255,
0.003105640412823129636877,
0.003129243852165175532321,
0.003774762155383248884988,
0.001354694367085906847592,
0.000745534897197752677300,
-0.003541111947754915778575,
-0.004303216936207943099646,
-0.008175492290489139168841,
-0.007079839709717705709124,
-0.009507179264681031582995,
-0.006613492968777889835508,
-0.007619857791634210286702,
-0.003755807878335848393192,
-0.004440069200675966776259,
-0.000700235367147361564832,
-0.001606583596024002691394,
0.000846862793363101218347,
-0.000175118446431643537409,
0.001292824745780241091353,
0.000506997108695561582437,
0.001344323158890159408685,
0.001168012619562452947264,
0.001469254494397553845175,
0.000906586647455853711364,
0.001012086868757422486453,
0.001016855240341674182503,
0.002398610116168209405174,
0.002167582512911214731588,
0.003628134729167509231473,
0.001550316811329832678013,
0.002420186997586948329797,
-0.002082347870842715664708,
-0.001610040665422585171029,
-0.006452918055678213971049,
-0.004099845888139608263145,
-0.007271885875273442767508,
-0.002135992051165547245262,
-0.003204345704617139745096,
0.003008842469662820207077,
0.001433491707515666124806,
0.005819916727868801320511,
0.002496719361514188051387,
0.005186438562900963500368,
0.001460790634835507084688,
0.003399968148861065575517,
0.000415682792857141603093,
0.001820802689446510136406,
-0.000363349914719979238953,
-0.000067472457917161499097,
-0.001983404160469492971686,
-0.002475023270805842834363,
-0.004210591318183853903889,
-0.004196763040589523985346,
-0.004844069483151691724032,
-0.003562569619884048410796,
-0.003563284875621686165204,
-0.001898407936980206489608,
-0.003068208695886753822890,
-0.001096129417929858629321,
-0.003480315210055706653947,
-0.001032233238700885902261,
-0.002557158471344578298812,
0.001886725426598789834287,
0.001838326455018635119387,
0.007113099101517861289068,
0.007240772250686200450787,
0.011119246488026923724846,
0.009290456776176791997557,
0.010416150097929011142384,
0.007287144664343048194866,
0.006472826007042464802055,
0.003160476686042024141443,
0.002243995667548848160777,
-0.000399589538760292128927,
-0.001009821892254902930830,
-0.003092646600256043765143,
-0.004316687585933454140985,
-0.006255507472090193754610,
-0.006990194323933773823398,
-0.008546471599743921121473,
-0.008631706241812420188353,
-0.008989214901341691099645,
-0.007744669917851998430791,
-0.007158398631568252401536,
-0.005324959757423475270599,
-0.004894852640523972286957,
-0.004278659822549046864992,
-0.004633188249838160466254,
-0.004744648935620043861405,
-0.005364179613703945470604,
-0.005782008173774000336920,
-0.006656408313036155099951,
-0.007572889331529331080617,
-0.007467150691648549720725,
-0.007368803027723358489709,
-0.006653189662216785205118,
-0.006207227709799645332112,
-0.005020141603900185600651,
-0.004718303682617053240733,
-0.004205822946599602207840,
-0.004061698915465594694751,
-0.004660010339999576256531,
-0.004621267320877531226131,
-0.005722999575418885598310,
-0.005473136904404096725330,
-0.007322192195487298160828,
-0.005982875826760603032994,
-0.007253885272542892614922,
-0.005144596102249154867536,
-0.006309509280281844212368,
-0.003824830057017891693505,
-0.004451632501767777139179,
-0.002200961114000976603933,
-0.003191947938498085335368,
-0.002577424050577648007021,
-0.004191875459715665996896,
-0.004224061967909364945228,
-0.005078434946517662584853,
-0.005032062532860814840774,
-0.005188345911534664178788,
-0.005972981455723280763692,
-0.005132555963998919335012,
-0.006275653842033657170418,
-0.005187153818638601254776,
-0.007483124736455792902490,
-0.005808830263935416127197,
-0.008435726169699675480729,
-0.005583167078710704611666,
-0.007416129115697056572998,
-0.003513336183276649649088,
-0.005187511446507420131979,
-0.001239418984036622095601,
-0.003467917443936652244219,
0.000102996826219836634664,
-0.002185821534220977468976,
0.001451253891667003692589,
-0.001464605332102908441527,
0.001698732376889666717545,
-0.001674890518968408237299,
0.001284599304797406915668,
-0.002344012261528527485410,
0.000785708427795073216515,
-0.002323269845137032607596,
0.001123309135960093296802,
-0.001368403435390630473734,
0.002273082734212783506678,
0.000599026680271619316187,
0.002868771554375426635630,
0.000524997711426111735022,
0.001949310303642093344934,
0.000159859657362038110051,
0.001128792763281982747259,
0.000514030456782332834109,
0.001234650612452370399552,
0.001874566079058948009362,
0.001550912857777864140019,
0.002215266228753731692080,
0.000720500946380431273042,
0.001193523407538199521127,
-0.001391887665443070076776,
-0.000283122062814944452924,
-0.002034783364289804996616,
-0.000585436821256501982447,
-0.001819849015129659797196,
-0.000903964043084515278537,
-0.001907348633700678419700,
-0.002265572548967587085400,
-0.003010034562558883131089,
-0.004199504854250468710575,
-0.004158616067915510416952,
-0.005192875864539703290035,
-0.003625631334085777091047,
-0.004557609560227771083873,
-0.001242041588407960528428,
-0.001672148705307463512071,
0.002247691155526643225215,
0.000489830970992255476659,
0.003908872606190327836373,
0.001571178437010933848228,
0.005282878878192454052964,
0.003794789316037106008395,
0.007513642314595003757205,
0.006532073023976792125467,
0.008485317234175893119641,
0.006549715998838523400849,
0.005929231646437771452440,
0.004197120668458342862550,
0.002622485162048826534686,
0.002624750138551346090310,
0.002003312111833743802691,
0.003687381746101836554885,
0.002642035485544258488488,
0.004090666772839923748251,
0.001265525818460400131471,
0.001375913620635826895011,
-0.001960873604733903707853,
-0.001876354218403042395380,
-0.004132628442781338673484,
-0.003152012826479977380956,
-0.003563642503490505042407,
-0.002160310746245230895113,
-0.001153588295520091566715,
-0.000426888466080133088809,
0.000725626945833501846295,
-0.000090599060100782224936,
0.000906467438166247418962,
-0.000886678696091602880358,
0.000425219536025644995192,
-0.001338958740857876250629,
0.001048684120666554253631,
-0.000910043716854436190999,
0.001309633255614728319927,
-0.001526594162698180490167,
0.000608682632729729000687,
-0.002828717233067712388817,
0.000102519989061411465059,
-0.002670407296470556079981,
0.001825571061030761832455,
0.000192165374845343350785,
0.005431294443752288092497,
0.003345489503510989948154,
0.007191300395499589104276,
0.004083991052621971373782,
0.006948351863281965190566,
0.003180742265275093849652,
0.005219340326832300203108,
0.002277493477928216325523,
0.004516482355313600205449,
0.002989649774036207130479,
0.005926370623487220434811,
0.005571365359039681663944,
0.007719159129876251856928,
0.007253170016805254860515,
0.007310748103685094090309,
0.006489753726166558323030,
0.005760431292355261412297,
0.004440069200675966776259,
0.002995133401358096580935,
0.001495003700952513003841,
0.000197649002167232801241,
-0.001487255097128103997761,
-0.002123236657177673958330,
-0.003449082376178858044824,
-0.003124594689870530128672,
-0.004564881326893754920349,
-0.004107356073384804684423,
-0.005440235140472760022590,
-0.004662871362950127274161,
-0.005259633066719227034724,
-0.003814101220953325377394,
-0.004139423372288897340354,
-0.002203226090503496159556,
-0.001982688904731855217278,
0.000173926353535580613396,
-0.000163435936050226882088,
0.001412630081834564954590,
0.000174760818562824660205,
0.001166462898797571146048,
-0.000320792198330532851713,
0.001375317574187795433005,
0.000432372093402022539266,
0.002545595170252767935892,
0.001683115959951242412984,
0.003910660745534422222391,
0.002621412278442369903075,
0.004973173143795306394566,
0.003586411477805306891042,
0.005818963053551950981301,
0.003866195680511275156732,
0.005567669871061886599506,
0.003073096276760611811341,
0.004157543184309053785341,
0.002407073975730256165662,
0.003000378610100773446590,
0.002887845040712433419827,
0.003904104234606076140324,
0.004602193834540524441934,
0.005154490473286477136838,
0.005480051043201261684601,
0.004450321199582107922765,
0.003381133081103271376122,
0.001938462258287920736421,
0.000114917755180465874787,
-0.000211119651892743842581,
-0.001934170723862094209977,
-0.000546932220713669536849,
-0.002328276635300496888448,
0.000152945518564873150780,
-0.001934647561020519379582,
0.000984907150727187818973,
-0.001681685448475966904169,
0.001305580139768114378285,
-0.002156615258267435830675,
0.001040458679683720077946,
-0.002499699593754345361418,
0.001207590103711742024473,
-0.002088785172481455454374,
0.002568006516698750907324,
-0.000563859939837763057824,
0.003380656243944846206517,
-0.000640988350213034241420,
0.002664208413411028875117,
-0.000585436821256501982447,
0.003314495088213353923834,
0.001829028130429344312091,
0.006973147395520074010022,
0.005841851237156359122338,
0.009770512585421331497315,
0.007420420650122883099442,
0.010036945347691395014067,
0.006078481677024849538782,
0.007507324222245870259940,
0.002789616586076848481213,
0.004274249078833614046147,
-0.000058650970486295861406,
0.002154111863185703690249,
-0.001368284226101024181332,
0.001894474030423198840367,
-0.001083612442521197927192,
0.002271056176289476535857,
-0.000525593757874143197029,
0.003104567529216673005266,
-0.000356078148053995402478,
0.003315448762530204263044,
-0.001100182533776472570963,
0.002653121949477643681803,
-0.002670288087180949787580,
0.001852035523323358745529,
-0.004751920702286027697880,
0.000024914741527715111857,
-0.006940484050167949892085,
-0.001118421555086235308352,
-0.007214546206972816122516,
0.000075459480320783089979,
-0.005030155184227114162354,
0.001767992974150922602661,
-0.003064632417198565050853,
0.002324581147322701824010,
-0.002713799477887246514030,
0.000835180282981684563026,
-0.003881812097449699461293,
-0.001656413079079432915108,
-0.005348324778186308581240,
-0.003825664522045135740314,
-0.006461858752398685901142,
-0.004667401315955166385407,
-0.005499243738827874761199,
-0.003530025483821530585260,
-0.003844022752644504770103,
-0.002102494240786179080516,
-0.002790570260393698820423,
-0.001895666123319261764379,
-0.003456950189292873343305,
-0.003267645837398081010150,
-0.004177451135673304616347,
-0.003060817719931163694014,
-0.003239750863630208588262,
-0.001989364624949807591747,
-0.002139568329853736017299,
-0.001096010208640252336920,
-0.000935196876961363887659,
-0.000271201133854315212801,
-0.000382542610346592315551,
0.000608682632729729000687,
0.000852823257843415838408,
0.001719713211860374180162,
0.001577615738649673637894,
0.001986742020578469158920,
0.001001358032692856170343,
0.001199126244149695263985,
-0.000053167343164406410949,
0.000406146049688638210995,
-0.000714302063320904068178,
0.000625014305405791059655,
-0.000158429145886762601236,
0.001217722893328276878577,
0.000198483467194476848050,
0.000591874122895241772113,
-0.000375509262259821063878,
-0.000033736228958580749548,
-0.000930547714666718484011,
-0.000859856605930187090081,
-0.001874566079058948009362,
-0.001998305321670279521840,
-0.003175854684401235861202,
-0.003296494485482803771248,
-0.004442453386468092624284,
-0.004305005075552037485664,
-0.004318833353146367404207,
-0.003853797914392220747004,
-0.003520011903494602023557,
-0.004009246828038826038210,
-0.004195928575562279938538,
-0.006373167040931604354626,
-0.007290244105872811797298,
-0.010000586514361475831691,
-0.010193467144944456936884,
-0.011782050138237909475691,
-0.010331392293018937245108,
-0.010364651684819092825052,
-0.008311748508509131383448,
-0.008336067203588815033299,
-0.007159709933753921617949,
-0.007523536685632326026507,
-0.006729006770406387172301,
-0.006477355960047503913302,
-0.005191326143774821488819,
-0.003301262857067055467297,
-0.001811981202015644498715,
0.000411868095589740246254,
0.000554561615248472250528,
0.001424193382926375317510,
0.000203132629489122251698,
0.000578999519617762192780,
0.000498294830554302237147,
0.001321673393864963852451,
0.002696990968052759285456,
0.003746867181615376463100,
0.005384802820805834056017,
0.004729628565129651018850,
0.004703402521416266690579,
0.002725601197558269461751,
0.002496361733645369174184,
0.001060724258916789786156,
0.000816106796644677778829,
0.000928163528874592635987,
0.000381827354608954561144,
0.001022458076953169925360,
-0.000943064690075379186140,
0.000152945518564873150780,
-0.002634406091009455774810,
-0.000536680221807528390343,
-0.003319740296956030789488,
-0.000733613968237123437177,
-0.003915429117118673918441,
-0.000512361526727844740492,
-0.004363298418169514469866,
-0.001328945160530947688926,
-0.005030870439964751916762,
-0.001336336136486537817802,
-0.003862023355375054922689,
0.001025557518482933527793,
-0.000959992409199472707115,
0.003361940385476658299524,
0.000645637512507679645068,
0.003100872041238877940827,
-0.000245332718009749761734,
0.001436948776914248604442,
-0.001398205757792203574041,
0.000761508942004995859065,
-0.001342296600966852437864,
0.000667095184636812277290,
-0.000849723816313652235976,
0.000305414199971321131954,
-0.001587033272528570737592,
-0.000590205192840753678496,
-0.001922607422770283847058,
-0.000842809677516487276705,
-0.000597000122348312345366,
0.000551939010877133817701,
0.001741766930437538274390,
0.002500534058781589408227,
0.003407239915527049411992,
0.003200888635218557265461,
0.003092050553808012303136,
0.001533985138653770619044,
0.001090884209187181763667,
-0.000359177589583759004910,
-0.000967144966575850251189,
-0.001221299172016465650614,
-0.001848816872503988850696,
-0.002002358437516893463481,
-0.002098083497070746261670,
-0.002789735795366454773614,
-0.002503156663152927841054,
-0.002854108811753852670279,
-0.002028107644071852622147,
-0.002267599106890894056221,
-0.000672817230537914312549,
-0.001582860947392350503549,
-0.001037001610285137598311,
-0.002675890923792445530438,
-0.004150271417643069948866,
-0.005084037783129158327711,
-0.006741523745815047874430,
-0.005789875986888015635401,
-0.006297349932742002387442,
-0.003196120263634305569411,
-0.003258824349967215372459,
0.000084161758462042435269,
-0.000371098518544388245033,
0.002013802529319097534000,
0.001135826111368753998931,
0.002675771714502839238037,
0.002050876618386654470783,
0.002594113351122528943193,
0.002631664277348511049581,
0.003219723702976351464855,
0.003290653230292095443588,
0.003673434259217900343941,
0.004208207132391728055865,
0.004436731340566990589025,
0.004601716997382099272329,
0.004510998727991710754992,
0.004298329355334085111195,
0.003471136094756022139052,
0.002304434777379238408201,
0.001505374909148260442748,
0.000266313552980457224351,
0.000041365623493383463227,
-0.001095414162192220874914,
-0.000320315361172107682108,
-0.001186847687320247146658,
0.000551700592297921232898,
0.000217914581400302509451,
0.002225995064818298008191,
0.002508759499764423583912,
0.004636883737815955530692,
0.004243731500694403191432,
0.005425453188561579764837,
0.004690170290269968234043,
0.004353761675001011077768,
0.003420829774542166745732,
0.002560496331453554486046,
0.002149224282311845701798,
0.000906705856745460003765,
0.001892685891079104454349,
0.000692725181902165143555,
0.002464532853320489103055,
0.000875353813579005102241,
0.002628803254397960031952,
0.000804424286263261123509,
0.002423167229827105639828,
-0.000002384185792125848025,
0.000970840454553645315627,
-0.000525236130005324319825,
0.000365018844774467332570,
-0.000432252884112416246865,
0.000714778900479329237783,
0.000274896621832110277239,
0.000481367111430208716172,
0.000051140785241099440128,
-0.000337839126744232665089,
-0.001227974892234418025083,
-0.001465678215709365073138,
-0.001981019974677367123661,
-0.001642227173616284119362,
-0.001624703408044159136381,
-0.000636935234366420299779,
-0.001488327980734560629372,
-0.000578165054590518145972,
-0.001956343651728864596606,
-0.001418948174183698451856,
-0.002855658532518734471495,
-0.002035856247896261628227,
-0.002613186837459535727390,
-0.001662850380718172704775,
-0.001141667366559462326592,
-0.000142812728948338296675,
0.000851154327788927744791,
0.001890897751735010068330,
0.003107666970746436607698,
0.004444479944391399595105,
0.004639863970056112840723,
0.006228566172639171671932,
0.004673957826883512467475,
0.006879687312468740767457,
0.003748655320959470849118,
0.006501317027258368685949,
0.001820802689446510136406,
0.005329966547586939551451,
-0.000389695167722969859625,
0.003659129144465145255793,
-0.002502441407415290086647,
0.002243995667548848160777,
-0.003577709199664047545753,
0.001594305039194554574067,
-0.003651142122061523664911,
0.001342892647414883899870,
-0.002593994141832922650792,
0.001860022545726980336411,
-0.001055479050174112920502,
0.002397418023272146481162,
0.000484466552959972318604,
0.002734303475699528807041,
0.001215815544694576200158,
0.002126812935865862730367,
0.000154852867198573829199,
0.000872492790628454084612,
-0.000341176986853208852324,
0.001221179962726859358213,
0.000118732452447867231626,
0.001978158951726816106031,
0.000531554222354457817090,
0.002694845200839846022234,
0.000119447708185504986034,
0.002392530442398288492711,
-0.001262187958351423944237,
0.000724554062227045214684,
-0.003168940545604070901931,
-0.000296592712540455494263,
-0.003937602044985444305070,
-0.000857472420138061242056,
-0.004404664041662897933094,
-0.001348018646867954473123,
-0.004005193712192212096568,
-0.000680208206493504441426,
-0.002361655236390258760792,
0.001346468926103072671907,
0.000839829445276329966674,
0.004639625551476900255921,
0.003506183625900272105014,
0.006623387339815212104810,
0.004388570787566048458928,
0.006411552432184830507822,
0.003214120866364855721997,
0.005522608759590708071840,
0.002758741380068818749294,
0.006105899813634296791065,
0.004403829576635653886285,
0.007676601413486805469688,
0.005856037142619507918084,
0.007884383205270573125034,
0.004613518717053122220051,
0.005615234377614797267597,
0.001781463623876433644000,
0.002936005593713375549925,
-0.000485897064435247827419,
0.001469492912976766429978,
-0.000784873962767829169707,
0.002020597458826656200870,
-0.000203490257357941128902,
0.002388596535841280843471,
0.000607252121254453491872,
0.002910733224316841560864,
0.001801967621688715937012,
0.003835916520951276886819,
0.002889752389346134098247,
0.004841685297359565876008,
0.003763437272870651106871,
0.005473375322983309310132,
0.003907680513294264912361,
0.005931854250809109885267,
0.003709077836810181771909,
0.005910754206548796130249,
0.002809882165309918189422,
0.005637526514771173946627,
0.001756548882348718532143,
0.004599213602300367131903,
-0.000110626220754639348343,
0.002741098405207087473912,
-0.001744389534808876707217,
0.001893162728237529623954,
-0.001899480820586663121219,
0.001589417458320696585616,
-0.000979542732694904660917,
0.001293301582938666260958,
-0.000982642174224668263349,
-0.000119209289606292401231,
-0.002382993699229785100613,
-0.003025770188786913728052,
-0.003441572190933661623546,
-0.004033088685960084518456,
-0.002575993539102372498206,
-0.002775788308482518562670,
-0.000137567520205661431021,
-0.000989437103732226930219,
0.001221418381306071943015,
-0.000805974007028142924725,
0.000759959221240114057849,
-0.000904679298822153032944,
0.000220298767192428357475,
-0.000427842140396983428019,
0.000256299972653528662647,
0.000250339508173214042586,
-0.000740885734903107273652,
-0.000842571258937274691903,
-0.002888917924318890051438,
-0.002369642258793880351675,
-0.004291772844405739029128,
-0.002985715867479199481238,
-0.004824995996814684939835,
-0.002860784531971805044748,
-0.004079818727485751139739,
-0.002260327340224910219746,
-0.003366231919902484825968,
-0.001715064049565728776514,
-0.002164244652802238544353,
-0.000958442688434590905899,
-0.000445604324548320995802,
0.000293135643141873014628,
0.001823186875238635984431,
0.001165628433770327099239,
0.003029942513923133962095,
0.000496506691210207851128,
0.003020167352175417985194,
-0.001345515251786222332697,
0.002178549767554993632501,
-0.003123641015553679789463,
0.001830220223325407236104,
-0.004760622980427287043170,
0.001793384552837062884123,
-0.006616830828886866022742,
0.001627922058863529031214,
-0.007807850841343333403444,
0.002189159394329953656211,
-0.008559823040179825870410,
0.003704786302384355245465,
-0.008309602741296218120226,
0.005853652956827382070060,
-0.008643627170773049428476,
0.006734848025597095499961,
-0.009648084644995669201251,
0.007429957393291386491541,
-0.010709285741070884157011,
0.008207440380103625532371,
-0.011146187787477945807524,
0.009329557423167655905161,
-0.011562943463941544042228,
0.009999156002886200322877,
-0.012748241430496909387671,
0.010249018673900989195857,
-0.014214992529812731092420,
0.010285377507230908378233,
-0.015469074256470927153373,
0.011123061185294325081685,
-0.016574859626858895467194,
0.012295365339282604555393,
-0.017006754883102492836855,
0.013785004622202834401179,
-0.017639637001622299194992,
0.014936566359799618997073,
-0.018163561829441954298403,
0.016026139266801131544327,
-0.019084334382360956805513,
0.016656160362370386884834,
-0.020132184038000267012336,
0.017678856857902769394997,
-0.019650936135859664588565,
0.019461393365385659670608,
-0.019144654282901740760536,
0.020674228677840078560735,
-0.019310832032612912367853,
0.019584298142969747136277,
-0.020766258249416136294485,
0.017473936089069552757280,
-0.021582245836771207780913,
0.016480207450911499300616,
-0.020033597955495863196518,
0.016962885864527377233202,
-0.018044114121256449312369,
0.017079949386920756371211,
-0.016873836525191476809482,
0.015656948096890443977713,
-0.017057895668343592276983,
0.014293193823794458907628,
-0.016083836562970577066523,
0.014596819884421685653564,
-0.013943076140220778125212,
0.014887452132481826527766,
-0.013056039816260356367650,
0.013461709028790569409040,
-0.014712333686050182990357,
0.009542822842273313010963,
-0.017396330841535856404079,
0.006939172747982280675672,
-0.017663717278122770260040,
0.006700634959480089580808,
-0.016245245941097496977790,
0.007233142856151397737108,
-0.015067934996945753223230,
0.006242871287391926760080,
-0.014591693884968615080311,
0.005305051806059224439593,
-0.013690471655545044527003,
0.005764842036070694231142,
-0.010830998425758908698668,
0.007212042811891083982090,
-0.009018182758716020153145,
0.007021307948521016140120,
-0.008798122410102804380472,
0.005641818049197000473072,
-0.009803652767931880784857,
0.004008650781590794576204,
-0.010167241101231072608613,
0.004189610483213146441273,
-0.008458852771883296206568,
0.005869627001634625251825,
-0.006249785426189091719351,
0.006972432139782436255615,
-0.006028413775390206730265,
0.006015658381402333443333,
-0.007504820827164138119514,
0.004169821741138501902668,
-0.008239746097586930773105,
0.004405260088110929395100,
-0.006842613223401183830674,
0.005477190020250710666971,
-0.005580306055760153594036,
0.005157947542685059616474,
-0.006098508837678706662189,
0.003789782525873641727543,
-0.006437897685187821128494,
0.003195405007896667815004,
-0.004816293718673425594545,
0.005586862566688499676104,
-0.000658273697205946639599,
0.009526014332438825782390,
0.003692150117686088250935,
0.011831879621293339699406,
0.004935264589700505410974,
0.010516643529067115636622,
0.002544283868067098719479,
0.006792902949635359899361,
-0.000392198562804702000051,
0.003881454469580880584090,
-0.002161502839141293819125,
0.002773880959848817884250,
-0.002639055253304101178458,
0.002086520195978935898751,
-0.003156065942326591322598,
0.001706480980714075723625,
-0.003653049470695224343331,
0.001888990403101309389911,
-0.003332614900233510368821,
0.002199888230394519972322,
-0.003589749337914283078277,
0.002007365227680357744333,
-0.004369616510518647967132,
0.001345515251786222332697,
-0.004405021669531716810297,
0.002058506012921457184461,
-0.002698540688817641086672,
0.004308700563529832550103,
-0.000197768211456839093643,
0.005713582041539988498613,
0.000866532326148139464550,
0.004788398744905553172657,
-0.000337481498875413787886,
0.001841306687258792429418,
-0.002278208733665854079931,
-0.000468492508152729136839,
-0.003097414971840295461192,
-0.001481056214068576792897,
-0.003384113313343428686153,
-0.001864433289442413155257,
-0.002838730813394640950520,
-0.000314116478112580477244,
-0.001003503799905769433565,
0.002581596375713868241064,
0.002072930336963818565010,
0.005744457247548018230532,
0.003500699998578382654557,
0.006138205531117602031799,
0.001995563508009334796611,
0.004295110704514715216362,
-0.000250577926752426627388,
0.002620100976256700686662,
-0.000562787056231306426213,
0.003050088883866597377903,
-0.000219464302165184310667,
0.002696871758763152993055,
-0.000594496727266580204940,
0.002019047738061774399654,
-0.001420140267079761375868,
0.000773072243096806221985,
-0.001524090767616448349742,
0.000574231148033510496731,
-0.001341938973098033560660,
0.000855684280793966856038,
-0.000881314278059319722303,
0.000164747238235896098502,
-0.001378178597138346450635,
-0.000195384025664713245618,
-0.000552535057325165279707,
0.000602245331090989211020,
0.000409126281928795521026,
0.001407265663802281796535,
0.001718878746833130133354,
0.002153754235316884813045,
0.001962780953367604386273,
0.001766920090544465971050,
0.001858472824962098535195,
0.001195192337592687614745,
0.001310944557800397536340,
0.000896215439260106272457,
0.000973939896083408918059,
-0.000012397766119054409728,
0.000025749206554959158666,
-0.000590801239288785140502,
-0.000480771064982177254166,
-0.000615358352947681375156,
-0.000637173652945632884581,
-0.000472187996130524201277,
-0.000455856323454462142308,
-0.000401973724552417976952,
-0.000731706619603422758757,
-0.001422405243582280931491,
-0.001464724541392514733928,
-0.002103924752261454589330,
-0.001197218895515994585566,
-0.001959085465389809321834,
-0.000002264976502519555623,
-0.001425385475822438241522,
0.000472664833288949370882,
-0.001327276230476459595309,
0.000431656837664384784858,
-0.001570940018431721263426,
0.000073313713107869826757,
-0.001393437386207951877992,
0.000019192695626613076598,
-0.000982046127776636801343,
0.000051140785241099440128,
-0.000485777855145641535017,
0.000044226646443934480857,
-0.000159382820203612940446,
0.000008583068851653052889,
-0.000016212463386455766567,
0.000000000000000000000000
