0.001127362251806707238444,
0.209802508451883917839353,
0.511990547418589958539314,
0.881369114332538616807255,
0.994260073171118308188454,
0.964946866484799881114043,
0.684876919111645277027378,
0.373266577894457884934099,
-0.022946953784184043190209,
-0.263869762543528230125389,
-0.391877651397081860906724,
-0.303770303867650359741504,
-0.128873705923964132491477,
0.075397372280898211638345,
0.189729452221528371858028,
0.214282155136709173692822,
0.180573463524027477689060,
0.157130241467212439232526,
0.152100086282985325070172,
0.159343123510174045076582,
0.167324185449315321339014,
0.148833274910614488106830,
0.095561742827092177599013,
0.052258610749737643974555,
0.021507978449346487614946,
0.041225075740937644486195,
0.066372633011253845403132,
0.090808153194751661807516,
0.097404480025826245537246,
0.087611317675379718483697,
0.051988720918068997978168,
0.015309453017688101628124,
-0.007326006892754699517667,
-0.003871321679964345729985,
-0.021066904077803205730390,
-0.044465065023147065659259,
-0.068574428590282066053874,
-0.072182893786664537039144,
-0.085626244584855737418394,
-0.079206228293108860150085,
-0.059947371510764291269169,
0.000464320183016508902796,
0.051329970383704626168964,
0.073148012195317080319512,
0.045187473318161197610721,
0.018008351334374561592000,
-0.007781267169761130197969,
-0.018115639695020224753108,
-0.039224267024185632823929,
-0.051429271721946667739189,
-0.059125065831060086285476,
-0.053883194948492196818535,
-0.044406771680529588675057,
-0.033714294449293191746619,
-0.016554713256915432051386,
0.013353466993828055908722,
0.044505000135165173613672,
0.061655163793664036209208,
0.056135654475603091739799,
0.033451795593580135879108,
0.007681488994360663458139,
-0.010263323788653744284005,
-0.025089621555567542809939,
-0.032497525230281765207252,
-0.040037393588590153292728,
-0.038118004816639239340503,
-0.030279874815735907667147,
-0.009743213658101490537433,
0.010890841489141267484086,
0.024334192287332467863337,
0.025591135036941214941919,
0.025281429302544067283520,
0.024501800548518914979468,
0.026472687733579747249024,
0.016200900085363956204532,
0.001535177231549833543056,
-0.016749501236132113834998,
-0.029136180891253138369734,
-0.041972160358900278964711,
-0.041829228420662334375635,
-0.029502511038213274918718,
-0.000679373741466260394617,
0.019431710252273692862701,
0.026858091366876890582205,
0.010311841969523505291306,
-0.017836451538762287949424,
-0.061025977163122024915509,
-0.102793812799637118704510,
-0.139473915165045259101362,
-0.156802654339374347713942,
-0.151612877916364408026340,
-0.123161196766030600624475,
-0.082740783729935429846591,
-0.044906973859717591590623,
-0.011914491658990500333459,
0.016587615020846768754126,
0.029026746763394561945404,
0.024521350872014346933270,
0.005391597750313392722887,
-0.020872116098586523946778,
-0.054233074213486665016148,
-0.089933872264779113336886,
-0.119724869783839615866583,
-0.137367367808412466079204,
-0.143774747915461076352983,
-0.135700941149006104602392,
-0.116522669846435389384709,
-0.085343480149909611842673,
-0.051648497605532639465054,
-0.022782325755237753384108,
-0.008610129360393681263730,
-0.006934165957818816394820,
-0.017212033279804528351775,
-0.030866742148467685158408,
-0.040812969226768691655138,
-0.034579157845386843117552,
-0.016871571548688957253859,
0.008560538295917463624818,
0.025307178509099026442186,
0.028562903417536478212213,
0.008138298992131975939657,
-0.023694157611436283961126,
-0.061470627813353495572102,
-0.092810630841558161563398,
-0.111226320318517424290405,
-0.105310559321805163879304,
-0.079925417937303622206713,
-0.047691941283499794668188,
-0.018223762520693131961025,
0.007306694987838480148667,
0.029712557806499562129687,
0.043667197247812150617818,
0.045794844648705257394994,
0.038574218767962520360015,
0.023621916781934870765980,
0.000958681107013803490702,
-0.025398850452806265298733,
-0.044034361859799531213611,
-0.048328161262128577213559,
-0.039791345614842765776586,
-0.026825904858683191633872,
-0.012634873396081325314100,
-0.004917025568390742673586,
-0.006148338320734136885903,
-0.018488287934329494799357,
-0.036180734651247381528094,
-0.050163984322065480192521,
-0.054991126086093078395578,
-0.054964542414510875190103,
-0.052687048936582658864580,
-0.050988554978272204731837,
-0.048164963744657562916274,
-0.043275594731455480079774,
-0.034120917336140255127219,
-0.023161530505475369512425,
-0.011663079267210829659263,
-0.008515834812315103974356,
-0.014668941504633492556309,
-0.030060291304281117064079,
-0.049009203933649325701793,
-0.067343354256517884426358,
-0.076946377790042375099944,
-0.078495979345634570023549,
-0.071777224574134323997754,
-0.061313152341783583310075,
-0.048656940482862731656155,
-0.038390398043389617477317,
-0.032930135742263000331320,
-0.030822634711313356969953,
-0.031032323851730825303719,
-0.032968044296357801314912,
-0.034550547615881332941257,
-0.035049915330042091810014,
-0.031226158156630656748121,
-0.024294972431051997663332,
-0.016350746162399065752879,
-0.010418295865141924405606,
-0.006072521212544534918720,
-0.005718708040993059071866,
-0.008400201801397000345162,
-0.013133406645214840136049,
-0.018047451981365425499604,
-0.026473045361448566126228,
-0.038917899149897461352765,
-0.050304293655932086348770,
-0.052576780343696838393441,
-0.046966791174824717991498,
-0.034394621865076302480446,
-0.015550971038430450033019,
0.006450414660596481830623,
0.022487998019199817445468,
0.029187083257915025225060,
0.027710437787561881251008,
0.023897290240925406212824,
0.021172285089815168213079,
0.022320508967302976621738,
0.024848461162694013282248,
0.026544094098053916397362,
0.024857282650124878919939,
0.019174814233172132738048,
0.008417725566969125328143,
-0.003047823907364077822280,
-0.012151360517438203334706,
-0.016560554512106140379046,
-0.018309593209209662489911,
-0.020615339288774570114526,
-0.024421572696613880193439,
-0.027788281453674790189012,
-0.031384348883938206764554,
-0.033064484611649291867508,
-0.031131744399262473166345,
-0.024780869495487245490750,
-0.017966270455143540374365,
-0.014376401907939651003687,
-0.015020847327551267724743,
-0.017195224769970041123202,
-0.018898367890575140659593,
-0.021434307108369798910985,
-0.025103211414582660143680,
-0.028966426862853777990381,
-0.033873319641627985809862,
-0.041868805904811623452844,
-0.051603198075482248352586,
-0.058837175396660890136502,
-0.061907649069050163515016,
-0.061448812513355544062676,
-0.056855797794114704135637,
-0.048562407516204941781979,
-0.038335561770170722972750,
-0.029339671148611079498636,
-0.022405624400081869396217,
-0.015002012259793473525349,
-0.005810379984700297928413,
0.004976153376035463704596,
0.014655590064197587807371,
0.022686243067815081708716,
0.026439666760358804253883,
0.024269104015207432212264,
0.015812158591957836684117,
0.005505800249756220843267,
-0.005100369455805220386679,
-0.013141751295487280604135,
-0.017796158798875361117808,
-0.017220377930076968819861,
-0.014286637312866112825560,
-0.011891961103254911069627,
-0.012780427938690608336003,
-0.015393495566860537770992,
-0.021465182314377828642904,
-0.028189897550358389288760,
-0.034105062500622618237855,
-0.036623716371424364091069,
-0.038614034670691022022027,
-0.038006782549436568530155,
-0.033393383041673052602505,
-0.025484561932033189535218,
-0.015962243087572158817267,
-0.006192445757888465074359,
0.001425862312980863411127,
0.003780603410573957212648,
0.000475406646949894096110,
-0.005945444109824227219008,
-0.013650536543526936572590,
-0.020118236551116330801392,
-0.023722171794493762675415,
-0.022752404223546573991399,
-0.018201112755667936404791,
-0.011019945149784882154620,
-0.005384087565068196301610,
-0.001815915108572652147956,
-0.000100493431138104494238,
0.003094911576758563320766,
0.007639765742998461117708,
0.013546824461569462183519,
0.020885705957601641280519,
0.027555346501784094837006,
0.030414223685122199203335,
0.027608990682106926417561,
0.022455692301716512204734,
0.017387151726236171889184,
0.014276623732539184263857,
0.013668298727678274140374,
0.015396475799100695081023,
0.017759442337676623058229,
0.018260836609760688897808,
0.015498518951003681376477,
0.010089874272276588840214,
0.003709554673968606941514,
-0.002672672272973075635605,
-0.008414864544018574310513,
-0.014472126967493503801876,
-0.019788384446775719727185,
-0.024646282207521741369760,
-0.029411315931664461231776,
-0.033821940437807673784931,
-0.036760091798733962598078,
-0.036557078378534446638781,
-0.033906817452007353974608,
-0.030113577856735129767429,
-0.025139331829333366741253,
-0.018784046181842706246812,
-0.012243628507593473653259,
-0.006127357485763429423287,
-0.001674652100389195652497,
0.000266432762270063516752,
-0.000933766365486088378844,
-0.004747986795729020048640,
-0.010268568997396421149659,
-0.014398932463675240267520,
-0.017255187042642006201021,
-0.018307089814127930349485,
-0.019329309472501887690044,
-0.019134521493285205906432,
-0.017413973816397587679461,
-0.012279748922344180250832,
-0.005588173868874168892518,
0.000954389572587976964257,
0.006515979769879942651301,
0.011747598653541690971736,
0.015549778945534387109007,
0.016459345825230398130401,
0.016825437553611322094582,
0.017693400391234737067947,
0.019198298463224572341090,
0.018667340287318145986006,
0.016610860832319995772366,
0.011856675153531448518862,
0.006784796717942132016077,
0.000724196434358226337480,
-0.003703832628067504906255,
-0.006486058238188763258592,
-0.006076216700522329983158,
-0.004837870600092164519168,
-0.003501296045026414116563,
-0.003334045411708785877636,
-0.002189159394329953656211,
0.002171397210178616088427,
0.008751392368577137759189,
0.016239643104486001234932,
0.021753907213804268838686,
0.025572061550604208157722,
0.025560379040222791502401,
0.021590590487043648248999,
0.014234185225439344169018,
0.007381081584552806607036,
0.002203106881213889867155,
-0.001079440117384977693149,
-0.003820419313302458874659,
-0.005296468737207571386705,
-0.005934000018022023148490,
-0.005501270296751181732020,
-0.003818273546089545611437,
-0.000581622123989100625607,
0.003456950189292873343305,
0.006035685542056190566740,
0.005715847018042508054236,
0.003275871278380915185835,
0.000892162323413492330815,
-0.000912547111936168331425,
-0.001417636871998029235442,
-0.001669764519515337664046,
-0.001765608788358796754636,
-0.004803538324685552307614,
-0.009367942814420882058357,
-0.014731168753807977189751,
-0.017191767700571458643566,
-0.017474651344807190511688,
-0.014908313758162927697981,
-0.010840654378217018383168,
-0.006606221202111905999033,
-0.003603458406219006704418,
-0.001077890396620095891933,
0.002304673195958450993004,
0.005503654482543307580045,
0.008324146274628185793176,
0.010295152668978624355134,
0.012693285947988408590703,
0.012977957731568234844843,
0.012184977537107177791853,
0.009158730511161838894196,
0.006722807887346859967437,
0.003442168237381693085553,
0.000499606132739971453560,
-0.003281235696413198343890,
-0.005920648577586118399552,
-0.008215904239665672292858,
-0.008193969730378114491032,
-0.008245587352777639100765,
-0.007771253589434201636266,
-0.007828474048445221988857,
-0.006811857226682760391157,
-0.005672097208756998742984,
-0.003391504289299018815029,
-0.001368522644680236766135,
0.001261353493324179897428,
0.003118157388231790339006,
0.004504084589194545795721,
0.005358815195671662312549,
0.007092714312995185288457,
0.009644746784886693014016,
0.011445760732258558611818,
0.011657357221309727624003,
0.010638952260203171640285,
0.008910655979491144407234,
0.005673766138811486836602,
0.002079963685050589816683,
-0.000185132026758572099112,
-0.000754714012497437192195,
-0.001560449600946367532117,
-0.004077792169562444168918,
-0.005590438845376688448141,
-0.005615830424062828729603,
-0.003531694413876018678877,
-0.001223921776387804083441,
0.003126978875662655976697,
0.006542563441462145856775,
0.009304046635191909331297,
0.009840607647709831429239,
0.010931730275476225777709,
0.010855317120838592348520,
0.011214613919711957645831,
0.011569619184159496416697,
0.012004494672643251096389,
0.010508537297373887753338,
0.008053779605801114627184,
0.004363059999590301885064,
0.001420021057790155083467,
-0.001376271248504645772215,
-0.001728653908580846110254,
-0.000679373741466260394617,
0.001267075539225281932687,
0.002130985261002082964410,
0.003061532975668801448421,
0.003374218942306106416851,
0.002919197083878888321351,
0.000718474388457124302221,
-0.001444458962159445025719,
-0.002886772157105976788216,
-0.004695534708302251392098,
-0.007140159610258489664147,
-0.009493231777797095372051,
-0.009199261669627978310615,
-0.007576107982348700975450,
-0.004429101946032187875346,
-0.000892281532703098623216,
0.003415703775089096172479,
0.006628870967137101555267,
0.006608128550745606677452,
0.004136681558627952615126,
0.000222682952984554205500,
-0.002492427827088361524943,
-0.005337953569990561142333,
-0.007004737857265741496349,
-0.008764743809013042508127,
-0.009262561802408919575669,
-0.010964155202249137310844,
-0.012319684034362288205244,
-0.014129757887744232025540,
-0.014313459403027528615837,
-0.014592885977864678004323,
-0.014531731612296650002492,
-0.014165878302494938623113,
-0.012862324720650131215649,
-0.010560393338352624947873,
-0.008051872257167413948764,
-0.005338311197859380019537,
-0.002260804177383335389351,
0.000801563263312710105879,
0.003468871118253502583428,
0.006336331370443260002645,
0.009001851086039958094176,
0.011677742009832403624614,
0.013510584837529149293545,
0.015029072768534101900428,
0.014265179640736980193338,
0.012392640119601339154798,
0.009349584583821513028568,
0.007117867473102112985117,
0.005006551744885068266910,
0.003916025163566705380447,
0.003447890283282795120812,
0.004418492319257227851637,
0.005326747896767569656618,
0.006259441378647201403851,
0.006391644480820579676816,
0.006629943850743558186878,
0.005966186526215722096822,
0.004083156587594727326973,
0.000975847244717109596479,
-0.001690268517327619957058,
-0.003039598466381243646595,
-0.002569198609594813831336,
-0.001378417015717559035437,
0.000386953354062025134397,
0.001372694969816457000178,
0.001217007637590639124170,
-0.000409841537666433275433,
-0.002516984940747257759597,
-0.004201769830752988266198,
-0.005084276201708370912513,
-0.005107402803891991638352,
-0.004845380785337360940446,
-0.004798889162390906903966,
-0.005115985872743644691241,
-0.005957126620205643874328,
-0.007343769076906037085450,
-0.008400440219976212929964,
-0.009123325352148770051031,
-0.009716749195808893624360,
-0.010809540753629776066447,
-0.011037588124646613430002,
-0.010418057446562711820803,
-0.008563637737447227227250,
-0.005886316302179506187997,
-0.002036213875765080505431,
0.001806855202562573925462,
0.004867434503914525034673,
0.006312370303232395229998,
0.006658434870959462070772,
0.005794644358472267331450,
0.004774570467311223254114,
0.003855347635157102548220,
0.002918720246720463151746,
0.001072406769298206441476,
-0.000907540321772704050574,
-0.002223253251157353282963,
-0.002326250077377189917627,
-0.002374053002509313170520,
-0.002026081086148545651326,
-0.001957178116756108643415,
-0.002472877503592929571141,
-0.004823923113208228308224,
-0.007809042934239396327456,
-0.010326623921434685549059,
-0.011468052869414935290848,
-0.011441826825701550962577,
-0.010939955716459059953394,
-0.010495066647648376711999,
-0.009974002842779272626217,
-0.009625911717128898814622,
-0.009369015698027338689968,
-0.008398652080632118543946,
-0.006557703021242144991731,
-0.004209876062446216149482,
-0.002219557763179558218525,
-0.001540899277450935578315,
-0.000895500183522468518049,
-0.000418186187938873743519,
0.000856280327241998318044,
0.002162694932037356743137,
0.004424691202316755056501,
0.005840420725681083613523,
0.006510853770426872078048,
0.005230188372186472811620,
0.003734827043365140930575,
0.001076579094434426675519,
-0.000851035118499321452390,
-0.002187252045696252977791,
-0.001447319985109996043349,
0.000292301178114628967819,
0.002726435662585513508560,
0.005286812784749461702205,
0.007829308513472466035665,
0.010348916058591062228089,
0.012029290204881359915845,
0.013222098356681921682565,
0.013254404074165226923299,
0.012156248098312061323156,
0.009386181835730644795746,
0.006512403491191753879264,
0.003933668138428436655829,
0.001609802246843372586227,
-0.000492811203232412786690,
-0.002328395844590103180849,
-0.003744363786533644322674,
-0.005382895472172133377597,
-0.006528496745288603353430,
-0.007363200191111862746851,
-0.007731080058836881097051,
-0.008243680004143938422345,
-0.008481025699750066593197,
-0.009187102322088136485689,
-0.009847402577217390096109,
-0.010471582417595937108956,
-0.009844303135687626493677,
-0.008708953861477297664351,
-0.007200717929378486203973,
-0.006449222567700418906611,
-0.006049513819650520485283,
-0.006346940997218220026355,
-0.007181048396593447957770,
-0.008062005046783948802869,
-0.008402824405768338777989,
-0.008075833324378278721412,
-0.007483959201483036949298,
-0.006601691249106866887786,
-0.005608201029528026015925,
-0.004578113558040053376885,
-0.003414154054324214371263,
-0.002343893052238921193009,
-0.001131057739784502302882,
-0.000235676765551640077234,
0.000461697578645170469969,
0.000678420067149410055407,
0.001047372818480885037218,
0.000795364380253182901015,
0.000550866127270677186090,
0.000079393386877790739220,
0.000410199165535252152637,
0.000422239303785487685161,
0.000217914581400302509451,
-0.000552773475904377864509,
-0.001393914223366377047597,
-0.002753019334167716714035,
-0.003741264345003880720242,
-0.004243254663535978021827,
-0.003107428552167224022895,
-0.001522302628272353963723,
0.001026272774220571282200,
0.002931118012839517561474,
0.005264163019724266145971,
0.005580544474339366178839,
0.005292177202781744860260,
0.002672910691552288220407,
0.000373601913626120385459,
-0.002646327019970085014933,
-0.003975987436238670458266,
-0.004969120027948692452924,
-0.004173755647695509551909,
-0.003563642503490505042407,
-0.002306461335302545379022,
-0.001685142517874549383805,
-0.001483201981281490056119,
-0.002252459527110894921265,
-0.002487540246214503536493,
-0.002031207085601616224579,
-0.000957608223407346859091,
-0.000814676285169402270014,
-0.000761389732715389566664,
-0.001065015793342616312600,
-0.001570224762694083509018,
-0.003059506417745494477600,
-0.004905343058009326018265,
-0.006404280665518846671347,
-0.007417321208593119497010,
-0.007636189464310272345671,
-0.007326483729913124687272,
-0.006048321726754457561270,
-0.004917144777680348965987,
-0.003852486612206551530591,
-0.003805637361391278616907,
-0.004076123239507956075300,
-0.005225300791312614823170,
-0.005899667742615410936935,
-0.005764007571043450184334,
-0.004928231241613734159301,
-0.003914713861381036164033,
-0.003100872041238877940827,
-0.002318620682842387203948,
-0.002913117410108967408888,
-0.003517746926992082467933,
-0.003904819490343713894731,
-0.003104805947795885590068,
-0.002450823785015765476913,
-0.001155972481312217414740,
0.000012516975408660702129,
0.000720858574249250150245,
0.000186681747523453900328,
-0.000705361366600432138085,
-0.001650094986730299417843,
-0.002328038216721284303645,
-0.003274798394774458554224,
-0.004696249964039889146505,
-0.006086111071559652252461,
-0.007396221164332805741992,
-0.007745742801458455062402,
-0.007680892947912631996132,
-0.006239175799414131695642,
-0.004734635355293115299702,
-0.002878665925412748904932,
-0.003022909165836362710422,
-0.003568649293653969323259,
-0.005320191385839223574550,
-0.005774140360659985038438,
-0.006333231928913496400213,
-0.005231976511530567197639,
-0.004616379740003673237680,
-0.003489494325355391168841,
-0.003882288934608124630898,
-0.004076957704535200122109,
-0.004566669466237849306367,
-0.003948569299629223205983,
-0.003240466119367846342669,
-0.002147555352257357608181,
-0.001485705376363222196545,
-0.000988245010836164006207,
-0.000713944435452085190974,
-0.000391125679198245368440,
0.000702977180808306290061,
0.002267122269732468886616,
0.004242897035667159144623,
0.004993438723028376102775,
0.004929423334509797083314,
0.003481268884372556993156,
0.002695083619419058607036,
0.002102017403627753910911,
0.002479553223810881945610,
0.002920746804643770122567,
0.004071593286502916964054,
0.004619956018691862009717,
0.004913091661833735024345,
0.004338264467352193065608,
0.004280686380472353835813,
0.004507422449303521982955,
0.005564093592373697827469,
0.006178736689583741448217,
0.006639838221780880456180,
0.005761384966672111751507,
0.004457473756958485466839,
0.001830577851194226113307,
-0.000970959663843251608029,
-0.004473567011055334941005,
-0.006835937503183231456205,
-0.008746266369124067185936,
-0.009417295460317887112467,
-0.009702920918214563705817,
-0.008753895763658869899615,
-0.007392048839196585507949,
-0.005473613741562521894934,
-0.004271268846593456736116,
-0.002783060075148502399145,
-0.002273797989950421261085,
-0.002125859261549012391157,
-0.003895998002912848257040,
-0.005505442621887401966063,
-0.007816791538063805333536,
-0.009076595310623103429748,
-0.010991096501700159393522,
-0.011525869374873987105445,
-0.011916756635493019889083,
-0.010402441029624287516242,
-0.009856224064648255733800,
-0.008187174800870555824162,
-0.006872534755092363223383,
-0.003944158555913790387137,
-0.001915812493262725180188,
0.000700712204305786734437,
0.001857280732066035611183,
0.002987742425402506452059,
0.002488255501952141290900,
0.001933813095993275332773,
0.000888466835435697266377,
0.000599861145298863362996,
0.000281572342050062651708,
0.000662207603762954288840,
0.000853061676422628423211,
0.001553893090018021450049,
0.001681923867055179488972,
0.001835823059936902978961,
0.001692295075250926927879,
0.002346992493768684795441,
0.003277897836304222156656,
0.004503011705588089164110,
0.005450844767247720046299,
0.005790472033336047097407,
0.005767345431152426371568,
0.005401492121350714992190,
0.004821896555284921337403,
0.004163503648789368405403,
0.003893733026410328701417,
0.003993034364652370271642,
0.004005432130771424681370,
0.003880620004553636537281,
0.002991080285511482639293,
0.001999139786697523568648,
0.000602006912511776626218,
-0.000692248344743739973950,
-0.002015829087242404504821,
-0.003312945367448472122618,
-0.004788160326326340587855,
-0.005996227267196507781932,
-0.007456779483452802281818,
-0.008463382724888335317814,
-0.008291602138565667967640,
-0.007386803630453908642295,
-0.006438612940925458882901,
-0.006001234057359972062784,
-0.005563378336636060073062,
-0.005832314493987855730239,
-0.005875110628956514702281,
-0.006264567378100271977104,
-0.005474567415879372234144,
-0.004238724710530938910580,
-0.002983689309555892510417,
-0.002111673356085863595411,
-0.002179861069740662848915,
-0.002393960953873564001526,
-0.003359794618263745036302,
-0.003790020944452854312345,
-0.004690527918138787111246,
-0.004788875582063978342262,
-0.004203081132938657482612,
-0.003867268564117731788343,
-0.002161145211272474941921,
-0.001805067063218479539444,
0.000550270080822645724083,
0.000680565834362323318629,
0.003473639489837754279478,
0.002867341042900151126815,
0.004446148874445887688722,
0.002344608307976558947416,
0.002397179604692933896359,
0.000310182571555572828004,
0.000288844108716046488183,
-0.000823497772600267907706,
-0.000096797943160309429800,
-0.000629782676990042755705,
-0.000671982765510670265741,
-0.002322196961530575975985,
-0.003567099572889087522043,
-0.005787134173227070910173,
-0.006541371348566082932763,
-0.007764697078505855554198,
-0.007117033008074868938309,
-0.007627248767589800415578,
-0.006884098056184173586303,
-0.007337212565977691003383,
-0.006543040278620571026380,
-0.006163358691224529728458,
-0.004433393480458014401790,
-0.003448963166889251752423,
-0.002132296563187752180824,
-0.001819968224419266089598,
-0.001589417458320696585616,
-0.001849412918952020312702,
-0.001753568650108561222112,
-0.001777648926609032287161,
-0.001061916351812852710168,
-0.000716209411954604746597,
0.000082492828407554341652,
0.000357508659529270911293,
0.001251220703707645043323,
0.001728534699291239817853,
0.003560900689829560317179,
0.004655241968415324560482,
0.006265044215258697146709,
0.006266593936023578947925,
0.006694436076420562375944,
0.006050944331125795994097,
0.005915403368843441533897,
0.005032300951440027425576,
0.004982352259094990909460,
0.004267334940036449086875,
0.003804564477784821985296,
0.002559900285005523024040,
0.001969099045716737883538,
0.001353263855610631338777,
0.001360893250145434052456,
0.001792311669230606252512,
0.003008008004635576160268,
0.003745675088719313539087,
0.003847718240622299834541,
0.002944588662565028602813,
0.002070307732592480132183,
0.000996470451818998181892,
0.000370621681385963075428,
-0.000153660774302510905187,
-0.000446557998865171335012,
-0.001156568527760248876746,
-0.001862406731519106184436,
-0.002819657327057634166323,
-0.003268718721004537641761,
-0.003273963929747214507415,
-0.002302050591587112560177,
-0.000993609428868447164263,
0.001080393791701828032359,
0.003263115884393041898903,
0.006355881693938691956447,
0.009160280231926720695412,
0.011935830121830026673280,
0.014246463782268792286345,
0.016651988037234166650791,
0.017816066750239611948814,
0.017460465439344041715941,
0.015098094947216145200741,
0.011740565305454919720063,
0.008103251460987725973695,
0.004985451700624754511892,
0.002931237222129123853875,
0.002535343171346626789386,
0.003531694413876018678877,
0.005438804628997484513775,
0.007062077525566368141341,
0.008030295375748675024141,
0.007651805881248696650232,
0.005279302599504265280927,
0.001056551933780569552113,
-0.003163576127571787743875,
-0.005767941477600457833574,
-0.005507588389100315229285,
-0.002565383912327412474497,
0.002065062523849803266529,
0.006565690043645766582614,
0.008890390400258074699025,
0.007477402690554690867231,
0.002438783646765529944389,
-0.004570007326346825493602,
-0.011090517049231807256149,
-0.014881134040132693030500,
-0.014639258391521525748402,
-0.010517954831252784853035,
-0.003409266473450356382813,
0.003637552263046406331171,
0.008254647258787717323258,
0.008485794071334318289246,
0.004775047304469648423719,
-0.001366615296046536087715,
-0.006436347964422939327278,
-0.008868694309549729482001,
-0.009202718739026560790251,
-0.009292244915520886383575,
-0.008837819103541699750082,
-0.007843256000356402246609,
-0.006856560710285120041618,
-0.006392598155137430016026,
-0.007344007495485249670253,
-0.009270310406233328581749,
-0.010612368588620968434810,
-0.010804772382045524370398,
-0.009392142300210959415807,
-0.006805300715754414309089,
-0.002019882203089018446462,
0.004981994631226172032257,
0.014685988433047192369685,
0.025517106068095707360754,
0.038705468195819048293771,
0.050679922127481513705050,
0.060344338445153244965269,
0.063929796248641701517101,
0.061302900342877442163569,
0.050580501579949865842423,
0.035329341904879241198500,
0.016810059555252110374823,
-0.000685930252394606476685,
-0.017043471344301230896434,
-0.029149651540978649411073,
-0.038620471972329761811693,
-0.045773625395155337347575,
-0.050915718102322760074685,
-0.053282380128876483116329,
-0.052829861665530997161255,
-0.046851992628933858409113,
-0.034345746056337722595941,
-0.016104102142203646774732,
0.006161093714722010172835,
0.026285529148897868179091,
0.039467453974982469322441,
0.042123913784569089191478,
0.035807847993358898897043,
0.021208047876697055933448,
0.003340363504057919374901,
-0.014739155776211598780634,
-0.028875708593463389473044,
-0.039479970950391130024570,
-0.044623017331875403090891,
-0.047137975714699353879666,
-0.047629714034325310034745,
-0.047899842284573168615935,
-0.045862793943780844063696,
-0.041851997394977136224270,
-0.035332918183567429970537,
-0.028511524213716166187282,
-0.020662784586037874490216,
-0.012689709669300219818666,
-0.005006194117016249389707,
0.001336097717907325233000,
0.005989670756268161699865,
0.008978247646697912198732,
0.010069251065174700254801,
0.009533524517684022203667,
0.008354067806319365185885,
0.008018851283946470953623,
0.008573651317774155788953,
0.011436223989090055219719,
0.015671134002353592773460,
0.020977735529177699014269,
0.025815844547849076118240,
0.029903054251290417386855,
0.031760692611225271875242,
0.032110333457640527488053,
0.031467556968083398860614,
0.030865788474150834819199,
0.029667735113607596186824,
0.027533292783206930742779,
0.025337696087238237296901,
0.022792100916985469361009,
0.019434213647355425003127,
0.014338612563134456312497,
0.009334564213331120186012,
0.005402207377088352746597,
0.002525806428178123397288,
-0.000366687774828955426187,
-0.001862883568677531354041,
-0.002700924874609766934697,
-0.003106474877850373683685,
-0.003274679185484852261823,
-0.002323031426557820022794,
-0.000926733017399317127172,
-0.000497579574816664482739,
-0.000769257545829404865145,
-0.001587629318976602199598,
-0.001744985581256908169223,
-0.000387430191220450304002,
0.003268957139583750226564,
0.007054805758900384304866,
0.010075569157523833752066,
0.010793209080953714007478,
0.009642601017673779750794,
0.005046606066192782513724,
-0.002784729005202990492762,
-0.012968778616268550329949,
-0.022786855708242792495355,
-0.031450986876828124216843,
-0.036784529703103252540330,
-0.037789106386615478605506,
-0.034873008744266353886587,
-0.029494047178651228158230,
-0.023226976405469224040701,
-0.017723083504346703875854,
-0.013829112059357162589635,
-0.011912822728936012239842,
-0.011149168019718103117555,
-0.010736346249811512532091,
-0.009124755863624045559845,
-0.006188869479200276302322,
-0.001766443253386040801445,
0.002483725548947102179653,
0.006017923357904852998956,
0.008295893672991494494084,
0.009620904926965434533770,
0.009800434117112510890024,
0.009381294254856786807295,
0.009322643284370490945889,
0.009760022167935977766007,
0.010600686078239551779490,
0.010646939282606793231167,
0.010276436810510436448141,
0.009566903118773784076012,
0.009499669079435835161718,
0.009008765224837123053447,
0.008769273762018081619374,
0.008639454845636829194433,
0.009094357494774440997531,
0.008805751804637607094151,
0.008436083797568494357932,
0.007922172550075767816224,
0.007937788967014192120786,
0.008570313457665179601719,
0.010118603711071705308910,
0.012123823171539149790021,
0.013412714010762383232134,
0.013163447386195625821159,
0.010480165486447590161845,
0.006205677989034763530896,
0.001583814621709200842758,
-0.001487731934286529167366,
-0.002603530885001426042891,
-0.001549601555592194923605,
0.000683784485181693213462,
0.003255009652699814015619,
0.004917383196259561550789,
0.004867792131783343911877,
0.003057599069111793799181,
0.000264048576477937668727,
-0.002385973931469942410644,
-0.004212379457527948289908,
-0.004675865175517213145895,
-0.004405856134558960857106,
-0.003708720208941362894706,
-0.003744244577244038030273,
-0.004805564882608859278434,
-0.006749510768218669465313,
-0.008454561237457469680123,
-0.009365677837918362502734,
-0.008982181553254919847973,
-0.007044434550704636865959,
-0.003919243814386075275280,
-0.000299096107622187634689,
0.002397179604692933896359,
0.003963112832961190878933,
0.003476619722077911589508,
0.001878261567036743073800,
-0.000825047493365149708922,
-0.002488493920531353875703,
-0.003078818322661713846600,
-0.001616239548482112375893,
0.000682473182996023997049,
0.003647446634083728600473,
0.006129980090134767856114,
0.008170962337484100057594,
0.008777260784421703210256,
0.008530855182805496816911,
0.007436275485640519988806,
0.006508827212503565107227,
0.005148530008806162516777,
0.003699660302931284672212,
0.002009987832051696177160,
0.000855445862214754271236,
-0.000139832496708180986644,
-0.000738620758400587718029,
-0.001049876213562617177644,
-0.000706434250206888769696,
0.000083923339882829850467,
0.001162052155082138327202,
0.002081632615105077910300,
0.002938270570215895105548,
0.003538131715514758468544,
0.004331469537844634398738,
0.005116224291322857276043,
0.006651639941451903403902,
0.008481979374066916932406,
0.010977745061264254644584,
0.012918949133213120106234,
0.014388322836900280243810,
0.014378309256573351682107,
0.013431072241361752261923,
0.011036872868908975675595,
0.008852481846163273715433,
0.006896495822303227996031,
0.005961418154631470400773,
0.005438923838287090806176,
0.005154609682576083429240,
0.004441738130730454869877,
0.003336787225369730602864,
0.001941680909107290631255,
0.000961065292805929338726,
0.000409007072639189228624,
0.000691652298295708511944,
0.001278162003158667126002,
0.002631902695927723634384,
0.003609061242830502447276,
0.004467844965154232905746,
0.004348278047679121627311,
0.003920555116571744491694,
0.002732515336355434421023,
0.001708269120058170109644,
0.000278115272651480172073,
-0.000565528869892251151441,
-0.001260638237586542143021,
-0.001219987869830796434201,
-0.001302361488948744483451,
-0.000993371010289234579460,
-0.001396179199868896603220,
-0.001652956009680850435473,
-0.002126097680128224975959,
-0.001788258553383992310870,
-0.001234292984583551522348,
-0.000041961669941414925233,
0.000990509987338683561831,
0.002035975457185867920629,
0.002401709557697973007606,
0.002793073655475430960848,
0.003036260606272267459360,
0.003793120385982617914777,
0.004236102106159600477753,
0.005065798761819395590322,
0.005367636683102527950240,
0.005953073504359029932687,
0.005591273310403932494950,
0.005630970003842827864560,
0.005080580713730575848075,
0.005139470102796084294283,
0.004972934725216093809763,
0.004978775980406802137423,
0.004662036897922883227352,
0.004382610323085733838866,
0.004208564760260546933068,
0.004051208497980240963443,
0.004003882410006542880154,
0.003966450693070167066168,
0.004493594171709192064412,
0.004695415499012645099697,
0.005006313326305855682108,
0.004953145983141449271159,
0.004710674288082250527054,
0.003856658937342771764634,
0.003123283387684860912259,
0.002568960191015601246534,
0.002594232560412135235595,
0.003158569337408323463023,
0.004025220872846069219975,
0.005031704904991995963570,
0.005429506304408193706479,
0.005247116091310566332595,
0.004245162012169678700246,
0.002881169320494481045358,
0.001062035561102459002569,
-0.000459671020721863499148,
-0.001358151436484489327228,
-0.001852035523323358745529,
-0.001544356346849518057951,
-0.001133322716287021858506,
-0.000346899032754310887583,
0.000021219253549920047419,
0.000112295150809127441960,
-0.000390291214171001321631,
-0.001018643379685768568521,
-0.001688241959404312986237,
-0.002281188965906011389961,
-0.002523183823806784964461,
-0.002834200860389601839273,
-0.003257155419912727278842,
-0.003923773767391114386527,
-0.004816293718673425594545,
-0.005243659021911983852959,
-0.005895495417479190702892,
-0.005606770518052750507110,
-0.005333304407695915738685,
-0.004249215128016292641888,
-0.003768324853744509095321,
-0.002782344819410864644738,
-0.002486348153318440612480,
-0.002006530762653113697525,
-0.002024412156094057557709,
-0.001675248146837227114503,
-0.001508355141388417752779,
-0.001140236855084186817777,
-0.001247882843598668856089,
-0.001038908958918838276730,
-0.000971913338160101947238,
-0.000752329826705311344170,
-0.001016497612472855305299,
-0.000793576240909088514996,
-0.000903248787346877524129,
-0.000398039817995410327711,
-0.000289082527295259072986,
0.000629425049121223878501,
0.001025795937062146112595,
0.001739025116776593549162,
0.001539587975265266361902,
0.001821875573052966768017,
0.001358747482932520789234,
0.001713514328800846975298,
0.001940131188342408830039,
0.003022789956546756418021,
0.003402352334653191423541,
0.003970384599627174715408,
0.003713011743367189421150,
0.003814339639532537962197,
0.002910733224316841560864,
0.002483963967526314764456,
0.001586794853949358152789,
0.001776218415133756778346,
0.001435875893307791972831,
0.001992344857189964901778,
0.001882195473593750723040,
0.002395033837480020633137,
0.001836895943543359610572,
0.001830101014035800943702,
0.000992894173130809409855,
0.000844717026150187955125,
0.000031590461745667486326,
0.000145792961188495606706,
0.000039100646990863907604,
0.000708103180261376863314,
0.000780940056210821520466,
0.001454353333196767295021,
0.001761198044643363935791,
0.002485752106870409150474,
0.003057599069111793799181,
0.003864407541167180770714,
0.004592776300661627342237,
0.004975438120297825950189,
0.005064487459633726373909,
0.004385113718167465979292,
0.003557801248299796714747,
0.002326726914535615087232,
0.001610040665422585171029,
0.001158952713552374724770,
0.001146912575302139192246,
0.001235842705348433323564,
0.001081943512466709833575,
0.000793814659488301099799,
-0.000321269035488958021318,
-0.001422524452871887223893,
-0.002817034722686295733496,
-0.003479361535738856314737,
-0.004148483278298975562848,
-0.004057168962460555583505,
-0.004046916963554414436999,
-0.003823757173411435061894,
-0.003897070886519304888651,
-0.003849029542807969050955,
-0.003794550897457893423592,
-0.003516912461964838421125,
-0.003088712693699036115902,
-0.002376556397591045310946,
-0.001572847367065421941845,
-0.000789761543641687158157,
-0.000520706177000285208578,
-0.000415563583567535310692,
-0.001048088074218522791625,
-0.001313686371461342261568,
-0.001986265183420043989315,
-0.001651287079626362341855,
-0.001871347428239578114528,
-0.001229643822288906118700,
-0.001499295235378339530286,
-0.000916481018493175980666,
-0.001193881035407018398331,
-0.000570178032186896555089,
-0.000640630722344215364217,
0.000195622444243925830420,
0.000350713730021712244422,
0.001117467880769384969142,
0.001321673393864963852451,
0.001669883728804943956447,
0.001160383225027650233585,
0.000772833824517593637182,
0.000083923339882829850467,
-0.000127911567747551746521,
-0.000381350517450529391539,
0.000002741813660944725228,
0.000594735145845792789743,
0.001608252526078490785011,
0.002458214760971355605790,
0.003617525102392549207764,
0.004414200784831401325192,
0.005211830141587103781831,
0.005341649057968356206771,
0.005482554438282993825027,
0.004834651949272794624335,
0.004269003870090937180493,
0.003069281579493210454501,
0.002205371857716409422778,
0.001048922539245766838434,
0.000351190567180137414027,
-0.000647902489010199200692,
-0.001220703125568434188608,
-0.001910328865940835729731,
-0.001846432686711863002671,
-0.001919746399819732829428,
-0.001355767250692363479203,
-0.001331686974191892414154,
-0.000771522522331924420769,
-0.000985860825044038158183,
-0.000591635704316029187311,
-0.001199364662728907848788,
-0.000877380371502312073062,
-0.001173853874753161274924,
-0.000273466110356834768425,
0.000009298324589290807296,
0.001265048981301974961866,
0.001515269280185582712051,
0.002254128457165383014882,
0.001922488213480677554656,
0.002016782761559254844030,
0.001434445381832516464016,
0.001541137696030148163118,
0.001254439354527014938157,
0.001474380493850624418428,
0.001209974289503867872497,
0.001254081726658196060953,
0.000768184662222948233534,
0.000301241874835100897911,
-0.000483989715801547148999,
-0.000983834267120731187362,
-0.001119852066561510817166,
-0.000768184662222948233534,
0.000080227851905034786029,
0.000884652138168295909537,
0.001900434494903513460429,
0.002583146096478750042280,
0.003513336183276649649088,
0.004127621652617874392632,
0.004711031915951069404258,
0.004824161531787440893027,
0.004690527918138787111246,
0.004371881487021167522755,
0.003899216653732218151873,
0.003457069398582479635706,
0.002791047097552123990027,
0.002267718316180500348622,
0.001494526863794087834236,
0.000926256180240891957567,
0.000162363052443770250477,
-0.000251531601069276966598,
-0.000541210174812567501590,
-0.000402927398869268316162,
-0.000330328941499036243812,
-0.000177741050802981970236,
-0.000152230262827235396372,
-0.000206947326756523608537,
-0.000540852546943748624386,
-0.001214027405350481814139,
-0.001716494561041004285329,
-0.001975178719486658796001,
-0.001677513123339746670126,
-0.001160502434317256525986,
-0.000125169754086607021293,
0.000716328621244211038999,
0.001773953438631237222722,
0.002402305604146004469612,
0.003216624261446587862423,
0.003619074823157431008980,
0.004175424577749997645526,
0.004068732263552365946424,
0.004113554956444331889287,
0.003706812860307662216286,
0.003610372545016171663690,
0.002963542939612429094609,
0.002746582032528976924368,
0.002240896226019084558345,
0.002262592316727429775369,
0.001709580422243839326057,
0.001529335976359125215396,
0.001015305519576792381287,
0.000793099403750663345392,
0.000143527984685976051082,
-0.000172734260639517689384,
-0.000348091125650373811595,
-0.000097036361739522014602,
0.000130772590698102764151,
0.000367522239856199472996,
0.000393390655700764924063,
0.000310778618003604290010,
-0.000010013580326928561703,
-0.000267744064455732733165,
-0.000631213188465318264520,
-0.000677585602122166008598,
-0.000701189041464211904042,
-0.000175714492879674999415,
0.000120043754633536448040,
0.000638604164420908393396,
0.000425338745315251287593,
0.000369071960621081274212,
-0.000427484512528164550815,
-0.001027584076406240498613,
-0.002082943917290747126714,
-0.002412915230920964493322,
-0.002869963647271489559643,
-0.002637863160408038254445,
-0.002421379090483011253809,
-0.001577615738649673637894,
-0.000880122185163256798290,
-0.000145912170478101899107,
0.000084400177041255020072,
0.000150680542062353595156,
0.000161409378126919911267,
0.000063776969939366434659,
0.000020503997812282293012,
-0.000099778175400466739831,
0.000289559364453684242591,
0.000414371490671472386680,
0.000716328621244211038999,
0.000471711158972099031672,
0.000695347786273503576382,
0.000127434730589126576916,
0.000177502632223769385433,
-0.000242352485769592451703,
0.000351667404338562583632,
-0.000074625015293539043171,
0.000079154968298578154418,
-0.001111149788420251471877,
-0.001290559769277721535730,
-0.002762675286625826398534,
-0.002825975419406767663588,
-0.003714323045552858637564,
-0.002798438073507714118904,
-0.002916097642349124718919,
-0.001834988594909658932153,
-0.002136826516192791292070,
-0.001630306244655654879239,
-0.002206802369191684931593,
-0.001913666726049811916965,
-0.001959204674679415614236,
-0.001467347145763853166756,
-0.000861883163853494060902,
-0.000087857246439837499707,
0.000953793526139945502251,
0.001260280609717723265817,
0.001680970192738329149762,
0.001370310784024331152153,
0.001574873924988728912666,
0.001079678535964190277952,
0.001141905785138674911394,
0.000759601593371295180646,
0.001207947731580560901676,
0.001097798347984346722939,
0.001245260239227330423262,
0.000642895698846734919840,
0.000563740730548156765423,
0.000099658966110860447429,
0.000126242637693063652904,
-0.000272750854619197014017,
-0.000036954879777950644382,
0.000277042389045023540461,
0.000758290291185625964232,
0.000687837601028307155104,
0.000377893448051946911903,
-0.000137805938784874015823,
-0.000458121299956981697932,
-0.000705718994469251015289,
-0.000759482384081688888244,
-0.000433444977008479170877,
0.000151395797799991349564,
0.000673055649117126897352,
0.000894904137074437056043,
0.000812768936535701591595,
0.000366449356249742841385,
-0.000260353088500142604289,
-0.001079082489516158815945,
-0.001742362976885569736396,
-0.002203464509082708744359,
-0.002467870713429465290289,
-0.002667665482809611354753,
-0.002700090409582522887888,
-0.002340078354971519836170,
-0.001727700234263995771045,
-0.001123309135960093296802,
-0.000846147537625463463939,
-0.000980138779142936122923,
-0.001433610916805272417207,
-0.002268791199786956980233,
-0.002944588662565028602813,
-0.003213405610627217967590,
-0.003010749818296520885497,
-0.002532005311237650602152,
-0.001798748970869346042178,
-0.001105546951808755729019,
-0.000741004944192713566053,
-0.000944614410840260987356,
-0.001379728317903228251851,
-0.001888751984522096805108,
-0.002088904381771061746775,
-0.002242207528204753774759,
-0.001804709435349660662240,
-0.001773238182893599468315,
-0.001545190811876762104760,
-0.001963496209105242140680,
-0.002167463303621608439187,
-0.003189682961995565779745,
-0.003589391710045464201073,
-0.004061818124755200987153,
-0.003804564477784821985296,
-0.003674387933534750683151,
-0.002970457078409594053880,
-0.002090573311825549840393,
-0.001088619232684662208044,
-0.000247001648064237855351,
0.000191450119107705596377,
0.000689864158951614125925,
0.000649213791195868417105,
0.000888705254014909851179,
0.001060009003179152031748,
0.001754522324425411561322,
0.002117037774118146753466,
0.002683639527616854536518,
0.002766847611762046632577,
0.002779722215039526211910,
0.002126812935865862730367,
0.001261115074744967312625,
0.000255227089047072031036,
-0.000413417816354622047470,
-0.001082301140335528710779,
-0.001132488251259777811697,
-0.000730991363865785004350,
-0.000172615051349911396983,
-0.000048518180869761007301,
-0.000031828880324880071129,
-0.000220298767192428357475,
-0.000176787376486131631026,
-0.000081658363380310294843,
0.000188708305446760871149,
0.000834226608664834223816,
0.001266241074198037885878,
0.001604914665969514597776,
0.001498341561061489191076,
0.001379609108613621959449,
0.000712275505397597097357,
0.000491142273177924693073,
-0.000412464142037771708260,
-0.000913143158384199793431,
-0.001838088036439422534585,
-0.002067804337510747991757,
-0.002590537072434340171156,
-0.002351999283932149076293,
-0.002805113793725666493373,
-0.002677679063136539916457,
-0.002873897553828497208883,
-0.003107309342877617730494,
-0.003518700601308932807143,
-0.003560543061960741439975,
-0.003666281701841522799867,
-0.002732276917776221836220,
-0.002305507660985695039813,
-0.001047611237060097622020,
-0.001206517220105285392862,
-0.000005006790163464280852,
-0.001036167145257893551502,
-0.000196337699981563584828,
-0.001871347428239578114528,
-0.001019120216844193738126,
-0.001717209816778642039736,
-0.000533223152408945910707,
-0.000780582428342002643262,
-0.000141263008183456495459,
-0.000025272369396533989061,
-0.000054478645350075627363,
0.000208854675390224286957,
-0.000042319297810233802437,
0.000918388367126876659086,
0.001071095467112537225063,
0.002122044564281611034318,
0.002339601517813094666565,
0.002737641335808504994276,
0.002459168435288205945000,
0.002191781998701292089038,
0.001792907715678637714518,
0.001003384590616163141163,
0.000508666038750049676054,
-0.000078439712560940400010,
0.000138401985232905477829,
0.000155568122936211583607,
0.000497937202685483359943,
0.000768780708670979695540,
0.001461386681283538546694,
0.001722097397652500028187,
0.002022504807460356879290,
0.001976370812382721720013,
0.002221703530392471481747,
0.002178788186134206217304,
0.002301812173007899975374,
0.002102971077944604250121,
0.002290606499784908489659,
0.002246141434761761423999,
0.002130031586685232625200,
0.001846075058843044125467,
0.001718759537543523840952,
0.001717329026068248332138,
0.001412987709703383831794,
0.001099228859459622231753,
0.000631928444202956018927,
0.000918984413574908121092,
0.000745058060039327507695,
0.001232028008081031966725,
0.001120805740878361156376,
0.001405596733747793702918,
0.000745415687908146384899,
0.000587821007048627830471,
0.000132083892883771980564,
0.000642180443109097165433,
0.000813484192273339346002,
0.001514673233737551250044,
0.001610755921160222925437,
0.001506209374175504489557,
0.000712394714687203389758,
0.000079751014746609616424,
-0.000451445579739029323463,
-0.000747084617962634478516,
-0.000978589058378054321707,
-0.001163363457267807543616,
-0.001188993454533160409881,
-0.001022219658373957340558,
-0.001047968864928916499224,
-0.001022934914111595094965,
-0.001350402832660080321148,
-0.001468300820080703505965,
-0.002341389657157189052583,
-0.002737522126518898701875,
-0.003667116166868766846676,
-0.003539443017700427684957,
-0.003913760187064185824823,
-0.003175377847242810691597,
-0.003219723702976351464855,
-0.002369046212345848889669,
-0.002678275109584571378463,
-0.002295494080658766478109,
-0.002896666528143299057518,
-0.002646803857128510184538,
-0.002810955048916374821033,
-0.002150177956628696041008,
-0.001778602600925882626370,
-0.000988125801546557713806,
-0.000512719154596663617696,
-0.000044584274312753358060,
0.000170826912005817010964,
0.000305891037129746301559,
0.000501871109242491009184,
0.000463843345858083733191,
0.000813364982983733053601,
0.000952839851823095163041,
0.001606106758865577521789,
0.001983880997627918141291,
0.002686738969146618138950,
0.002830863000280625652039,
0.003108620645063286946908,
0.003056645394794943459971,
0.003021478654361087201607,
0.002736210824333229485461,
0.002578735352763317223435,
0.002398610116168209405174,
0.002278327942955460372332,
0.002089619637508699501183,
0.001838564873597847704190,
0.001502513886197709425119,
0.001040101051814901200743,
0.000555515289565322589738,
0.000122785568294481173268,
0.000020861625681101170215,
0.000109910965017001593935,
0.000676155090646890499784,
0.001319408417362444296828,
0.002003312111833743802691,
0.002325057984481126993614,
0.002462744713976394717037,
0.001969695092164769345544,
0.001245498657806543008064,
0.000331878662263918045028,
-0.000121235847529599372052,
-0.000329136848602973319800,
-0.000104188919115899558676,
0.000137090683047236261416,
0.000363945961168010700959,
0.000216245651345814415834,
-0.000284075737131794792134,
-0.000762581825611452490676,
-0.001519083977452984068890,
-0.002006053925494688527920,
-0.002302289010166325144979,
-0.001787066460487929386858,
-0.001007199287883564498003,
0.000182151794518414789081,
0.000957012176959315397085,
0.001770019532074229573482,
0.002102613450075785372917,
0.002168178559359246193594,
0.001943945885609810186878,
0.002015829087242404504821,
0.002210497857169479996031,
0.002733111382803465883029,
0.003017425538514473259966,
0.003205895425382021546312,
0.003008723260373213914676,
0.002743601800288819614337,
0.002438783646765529944389,
0.002308845521094671227047,
0.002315521241312623601516,
0.002167344094332002146785,
0.002328276635300496888448,
0.002255558968640658523697,
0.002426266671356869242260,
0.002086877823847754775954,
0.001859784127147767751609,
0.001277446747421029371594,
0.001145243645247651098629,
0.001000523567665612123534,
0.001292228699332209629347,
0.001429796219537871060368,
0.001883149147910601062250,
0.002220988274654833727340,
0.002496004105776550296980,
0.002624630929261739797909,
0.002639651299752132640464,
0.002801418305747871428935,
0.002504229546759384472665,
0.002730250359852914865399,
0.002330064774644591274466,
0.002484440804684739934061,
0.002008080483417995498741,
0.002398490906878603112773,
0.002136230469744759830064,
0.002470254899221591138314,
0.001877188683430286442189,
0.001706957817872500893230,
0.000870466232705147113791,
0.000497579574816664482739,
-0.000225305557355892638327,
0.000002622604371338432827,
0.000078916549719365569615,
0.000899553299369082459691,
0.001301884651790319313847,
0.001764655114041946415426,
0.001387834549596456135134,
0.000967264175865456543590,
0.000071167945894956563535,
-0.000406265258978244503396,
-0.000821471214676960936885,
-0.000514268875361545418912,
-0.000001788139344094386018,
0.000855922699373179440840,
0.001561522484552824163728,
0.002314448357706166969905,
0.002551436425443476263553,
0.002813935281156532131064,
0.002832531930335113745656,
0.003295660020455559724439,
0.003597378732449085791956,
0.004224061967909364945228,
0.004837274553644133057162,
0.005568623545378736938716,
0.005595684054119365313795,
0.005052566530673097133786,
0.003884315492531431601719,
0.002486228944028834320079,
0.000671386719062638803734,
-0.000765085220693184631102,
-0.002139329911274523432496,
-0.002830624581701413067236,
-0.003419518472356497529319,
-0.003235936166362807231422,
-0.003411412240663269646035,
-0.003054261209002817611946,
-0.003216505052156981570022,
-0.002570986748938908217355,
-0.002405047417806949194841,
-0.001397252083475353234832,
-0.000833630562216802761810,
0.000565409660602644859040,
0.000974297523952227795263,
0.001507163048492354828767,
0.000502943992848947640795,
-0.000519156456235403407362,
-0.002735733987174804315856,
-0.004370570184835498306342,
-0.006273984911979169076801,
-0.006401419642568295653717,
-0.006528258326709390768627,
-0.004763364794088231768399,
-0.004048705102898508823017,
-0.002235293389407588815487,
-0.002679586411770240594876,
-0.001645684243014866598998,
-0.002876162530331016764507,
-0.001929402352277842513928,
-0.002954721452181563456918,
-0.000737071037635705916813,
-0.000881910324507351184309,
0.002260804177383335389351,
0.002036333085054686797832,
0.004425764085923211688112,
0.002595186234728985574804,
0.003802776338440727599277,
0.000273585319646441060826,
0.000779151916866727134448,
-0.002845048905743774447785,
-0.000975608826137897011677,
-0.003074526788235887320155,
0.001040577888973326370348,
0.000099301338242041570226,
0.004968523981500660990918,
0.003383874894764216101350,
0.007852792743524905638708,
0.004717230799010596609122,
0.007701516155014520581545,
0.003111720086593050549340,
0.006390929225082941922409,
0.002478718758783637898802,
0.006832242015205436391767,
0.003235220910625169477015,
0.007245063785112026977231,
0.001358985901511733374036,
0.001851201058296114698720,
-0.006665825846915052199648,
-0.005734324457931483376427,
-0.011362671857402972808160,
-0.006294608119081057662214,
-0.007554531100929962050827,
0.001178145409178987801369,
0.000680923462231142195833,
0.006533145907583248757078,
0.001191616058904498842708,
0.002741694451655118935918,
-0.004542946817606197118522,
-0.001897811890532175027602,
-0.004937767984782237551400,
0.002587676049483789153527,
0.003339290620451462743290,
0.010921597485859690923604,
0.008132219318362055027194,
0.009132385258158848273524,
0.000624537468247365890051,
-0.001645445824435654014195,
-0.009154200558156799782950,
-0.007579565051747283455086,
-0.009170293812253649257116,
-0.002807974816676217511002,
-0.002053856850626811780813,
0.003219127656528320002849,
0.000773787498834443976392,
0.002263784409623492699382,
-0.002336025239124905894528,
-0.000207424163914948778142,
-0.002060413361555157862881,
0.003207087518278084470325,
0.003705620767411599292274,
0.008726358417759816354931,
0.006755352023409377792973,
0.007881760600899234692207,
0.003265738488764380331730,
0.002545714379542374228294,
-0.002035617829317049043425,
-0.001710295677981477080465,
-0.003709077836810181771909,
-0.001513719559420700910835,
-0.002309322358253096396652,
-0.000002741813660944725228,
-0.001159429550710799894375,
0.000168919563372116332545,
-0.001661539078532503488361,
-0.000279545784126755680887,
-0.001111388206999464056679,
0.001291513443594571874939,
0.001168012619562452947264,
0.003463149072352400548169,
0.003048777581680928161489,
0.004557609560227771083873,
0.003371953965803586861227,
0.004124879838956929667404,
0.002746343613949764339566,
0.003043055535779826126230,
0.000856995582979636072452,
0.000553131103773196741713,
-0.001627445221705103861609,
-0.001581668854496287579536,
-0.003525853158685310351217,
-0.003058314324849431553588,
-0.004429459573901006752550,
-0.003257632257071152448447,
-0.003836870195268127226029,
-0.001852989197640209084739,
-0.001504540444121016395940,
0.001168847084589696994072,
0.001708507538637382694446,
0.003491878511147517016866,
0.003009200097531639084281,
0.003370642663617917644814,
0.001605510712417546059783,
0.000889897346910972775191,
-0.001105666161098362021420,
-0.001777529717319425994759,
-0.003453850747763109740873,
-0.003677368165774907993182,
-0.004975438120297825950189,
-0.004896759989157672965376,
-0.005864262583602342093769,
-0.005246877672731353747793,
-0.005433917048123626525324,
-0.004109025003439292778040,
-0.004117250444422126953725,
-0.003544807435732710843013,
-0.004432916643299589232186,
-0.004545450212687929258948,
-0.005481123926807718316212,
-0.005658388140452275116843,
-0.006124377253523272113256,
-0.005497813227352599252384,
-0.005040526392422861601261,
-0.004375338556419750002391,
-0.004416227342754708296013,
-0.004238486291951726325777,
-0.004496812822528561959246,
-0.004052400590876303887455,
-0.003872156144991589776794,
-0.002703428269691499075122,
-0.001989841462108232761352,
-0.000689148903213976371518,
-0.000367283821276986888194,
0.000271439552433527797604,
0.000167608261186447116131,
0.000337243080296201203083,
0.000122308731136056003663,
0.000005722045901102035259,
-0.000048518180869761007301,
0.000202775001620303374494,
0.000736474991187674454807,
0.001246333122833787054873,
0.001739859581803837595970,
0.001794576645733125808135,
0.001475691796036293634842,
0.001126885414648282068839,
0.000527143478639024998245,
0.000748872757306728864535,
0.000881552696638532307105,
0.001653075218970456727874,
0.001916885376869181811799,
0.002697348595921578162660,
0.002689242364228350279376,
0.002912044526502510777277,
0.002491950989929936355338,
0.002214431763726487645272,
0.001910924912388867191737,
0.001643419266512347043374,
0.001410722733200864276171,
0.001274347305891265769162,
0.001527905464883849706581,
0.001781582833166039936401,
0.002022266388881144294487,
0.001992940903637996363784,
0.001549959183461013800809,
0.001350879669818505490753,
0.000497579574816664482739,
0.000129461288512433547737,
-0.000878691673687981289476,
-0.000869750976967509359383,
-0.001355648041402757186802,
-0.000918269157837270366684,
-0.001321911812444176437253,
-0.000952005386795851116233,
-0.001234531403162764107151,
-0.001037716866022775352718,
-0.001477241516801175436058,
-0.001572966576355028234246,
-0.001952886582330282116970,
-0.001787781716225567141265,
-0.001798152924421314580172,
-0.001237273216823708832379,
-0.000799894333258222012262,
0.000248670578118725948968,
0.000861525535984675183698,
0.001793980599285094346129,
0.001771569252839111374698,
0.002011179924947759101173,
0.001310825348510791243939,
0.001080513000991434324760,
0.000272512436039984429215,
0.000224471092328648591518,
-0.000377416610893521742298,
-0.000143527984685976051082,
-0.000265359878663606885141,
0.000275254249700929154443,
0.000323295593412264992139,
0.000661730766604529119235,
0.000439167022909581206136,
0.000439167022909581206136,
0.000107884407093694623114,
0.000143527984685976051082,
0.000046491622946454036480,
0.000231623649705026135592,
0.000231742858994632427994,
0.000361323356796672268132,
0.000271201133854315212801,
0.000258564949156048218271,
0.000149011612007865501539,
0.000103831291247080681472,
0.000044822692891965942863,
0.000013113021856692164135,
0.000000000000000000000000
