14.209066,
37.632050,
-0.030940,
-5.380826,
-15.829236,
3.781315,
13.442025,
-6.639052,
-5.440670,
-1.037542,
21.800058,
-26.110553,
-35.768163,
24.332070,
29.006103,
-8.983726,
-0.715038,
-0.603254,
8.228338,
-7.957927,
-14.384616,
10.539358,
8.736404,
-2.636232,
3.651683,
3.444535,
-18.134659,
3.003294,
5.201414,
-3.009598,
8.642858,
-11.761933,
-19.076068,
-8.147337,
25.889603,
-22.795905,
-35.001920,
25.301505,
19.262373,
-4.882740,
4.026915,
4.500610,
-23.667633,
5.368852,
13.909753,
-5.938891,
7.179247,
-13.320355,
0.465827,
0.719803,
-5.298215,
1.969353,
6.167926,
-2.065646,
0.383108,
-2.382273,
4.487485,
-0.293463,
-10.062016,
15.143404,
15.430815,
-9.422088,
-17.726536,
5.672449,
50.249600,
-14.618421,
0.292045,
12.858431,
17.314604,
2.980764,
-34.164310,
16.550175,
1.037543,
-5.440667,
18.567608,
-13.892776,
-7.358733,
10.102603,
7.220759,
-16.284040,
0.603254,
-0.715037,
2.781983,
-3.484061,
-3.371708,
3.904822,
2.576732,
-5.574566,
-3.444534,
3.651683,
-2.625308,
6.303350,
-6.207007,
-0.407223,
19.743481,
-11.901541,
10.472172,
9.751422,
-14.619055,
-2.046805,
-9.469378,
8.077228,
8.102947,
-17.798555,
-4.500609,
4.026914,
-2.010285,
5.789331,
-14.791220,
-0.657676,
36.179238,
-20.713676,
-0.719803,
0.465825,
0.090444,
0.672739,
-6.024301,
-0.130664,
11.926443,
-6.578125,
0.293462,
4.487484,
-17.405296,
10.466599,
2.595224,
-4.575021,
-3.381161,
8.528736,
12.840345,
-1.651208,
30.751068,
34.469390,
-3.326637,
-19.651281,
-23.037100,
16.457959,
7.777916,
5.135322,
-19.943525,
5.554256,
36.650803,
-5.473108,
-21.287098,
-2.326242,
1.836999,
0.725113,
-8.001331,
2.449933,
15.000199,
-2.535470,
-8.006894,
-2.539646,
-1.313212,
-9.129388,
7.202605,
-2.908894,
4.496733,
11.400853,
-4.146272,
-2.728765,
30.968263,
1.255477,
-29.737230,
14.981046,
36.997013,
-5.536442,
-31.258895,
-21.290175,
-1.318403,
-11.242740,
1.655360,
-12.653036,
8.940308,
25.499525,
1.709382,
-8.558532,
-0.186976,
-1.599216,
-2.442458,
-6.181982,
3.180308,
10.012851,
2.695617,
-3.737978,
-4.808112,
-3.986681,
7.814134,
-1.224491,
-15.441690,
1.880197,
9.242258,
-2.917355,
-20.116421,
-14.060790,
14.776386,
14.942536,
-31.878618,
-26.833413,
21.486400,
3.843407,
-5.135322,
7.777918,
-27.311793,
-4.331243,
13.128723,
-3.224466,
4.798579,
17.136323,
-0.725111,
1.837003,
-5.590908,
0.271075,
6.338387,
-0.457408,
0.119096,
4.176393,
9.129388,
-1.313213,
-9.795815,
-15.636104,
11.600255,
9.823886,
-19.170780,
-1.710355,
-4.611825,
9.470265,
2.440426,
7.549441,
17.289970,
0.950678,
-8.986738,
2.358836,
11.242740,
-1.318404,
-17.743843,
-25.175678,
29.209645,
24.727525,
-31.386555,
-3.161860,
1.599217,
-0.186976,
-5.660691,
-7.377788,
12.395168,
10.485936,
-9.410208,
-0.995607,
3.986683,
-4.808111,
21.619058,
5.158352,
-4.135631,
2.606284,
-6.061448,
-12.828016,
14.106291,
17.184714,
-34.176793,
-27.138958,
-3.740415,
-7.699254,
3.605112,
15.346436,
-17.563798,
5.681921,
-8.537054,
-6.777735,
-15.878265,
-14.297745,
27.249443,
31.575618,
-3.403225,
1.298360,
-1.188698,
1.041158,
-5.798390,
-4.355352,
9.827932,
10.340042,
9.036982,
3.724146,
-14.628025,
-20.053734,
-5.305009,
-3.430152,
-0.849982,
-6.619029,
-36.007783,
16.938244,
1.995845,
10.204361,
-13.764633,
-10.027105,
36.678273,
33.169625,
11.403374,
4.671109,
-11.772083,
-18.174425,
-7.470769,
-2.493106,
-1.129249,
-14.141463,
1.419180,
0.555166,
1.026773,
-1.061899,
-1.752487,
0.760982,
0.141370,
-5.213403,
14.175771,
-4.635532,
2.889718,
13.001999,
6.469164,
9.307180,
-14.216889,
-16.917565,
28.899415,
-23.146488,
-25.717200,
-20.551453,
31.535868,
15.915339,
-29.265363,
7.968680,
-5.407574,
-22.103890,
5.767555,
15.363634,
2.283615,
-16.994261,
-0.574414,
0.781076,
-1.231727,
-3.930080,
-0.517782,
4.753095,
0.149586,
-6.946111,
1.633224,
1.239825,
-2.892846,
11.368698,
7.837353,
1.328909,
-14.196910,
-10.102324,
10.555148,
5.963456,
-5.356492,
-20.846159,
-17.938469,
13.509323,
-1.601239,
-18.648983,
15.664344,
13.078220,
-3.935479,
12.734393,
17.871896,
8.328223,
-33.574773,
-20.953941,
24.202555,
4.283153,
-0.621803,
1.946036,
7.051099,
4.547612,
-14.023866,
-7.800550,
9.229891,
-0.541225,
2.794258,
15.053126,
-6.993039,
-10.467849,
-4.874967,
11.191944,
5.662762,
-0.227494,
-26.829368,
-40.062190,
0.689759,
-6.095054,
16.111505,
11.253818,
3.889814,
-9.460708,
9.027972,
-5.176627,
-15.657330,
29.100270,
30.371338,
-15.188931,
-33.750493,
-3.865653,
1.250045,
-0.637792,
-5.265694,
6.609370,
11.528143,
-7.382527,
-9.656379,
0.544563,
-7.346610,
-0.978658,
24.335665,
11.695871,
-5.125420,
-4.814521,
-13.316828,
16.291906,
20.388710,
-3.729083,
-10.467883,
10.655046,
26.853948,
-19.341544,
-23.373470,
6.272377,
-9.072325,
-1.534716,
31.676843,
15.128649,
-14.275843,
-12.046183,
-17.652844,
25.107963,
-1.104677,
-0.226338,
6.893349,
3.573852,
-7.013437,
-5.939317,
-4.217752,
6.728033,
-8.812386,
4.990675,
12.454453,
-26.535168,
-15.424576,
6.212975,
25.010555,
9.236324,
-49.508120,
33.037743,
12.935596,
-3.620732,
-24.429000,
-2.718266,
37.745830,
-14.477776,
4.602715,
11.864716,
-4.149762,
-2.337320,
-6.264810,
7.889481,
-1.916759,
2.094612,
0.600902,
1.507302,
1.601080,
-1.606469,
-2.221303,
3.173533,
-1.629429,
0.917947,
0.616943,
-9.122964,
-2.939689,
1.360330,
10.921988,
3.410442,
-12.897875,
0.732185,
-2.083780,
-7.646664,
25.107350,
-11.223740,
-3.916273,
9.182581,
-11.240910,
1.554651,
1.147169,
-10.148516,
-8.554815,
1.175638,
25.415668,
5.178071,
-28.974403,
6.134450,
0.263231,
-1.361935,
-3.879603,
-0.331297,
10.419957,
1.455914,
-10.755696,
3.351971,
-3.667498,
-8.796586,
8.809318,
-0.340233,
4.154003,
-6.264237,
-1.219191,
2.405505,
-13.125040,
19.060596,
-12.915113,
-30.373203,
-0.910100,
30.700825,
18.520974,
-16.813448,
-2.116312,
-3.861772,
37.847088,
-5.334653,
-49.014605,
7.424618,
24.974025,
-12.364656,
-0.605280,
-0.744001,
13.435606,
-3.107742,
-20.926238,
3.794512,
7.722762,
-4.446481,
-0.106662,
7.053032,
-12.719383,
3.824172,
3.382265,
-3.915340,
12.430483,
2.718005,
-24.351585,
-5.214093,
40.760713,
-23.498888,
-51.004210,
12.979065,
19.815851,
5.159072,
-0.275131,
8.464005,
-14.557416,
15.471683,
6.195844,
-19.150146,
12.806303,
5.890581,
-0.151805,
1.268493,
-2.862266,
5.341962,
2.313140,
-7.267208,
1.679128,
2.538482,
0.904310,
0.759982,
-15.461503,
5.185955,
15.622090,
-4.016870,
-13.720604,
1.385741,
34.324090,
15.508835,
-4.407054,
5.082319,
22.465053,
13.766459,
-37.169365,
-0.044384,
1.181843,
-2.799123,
13.209813,
4.824493,
1.313652,
0.725839,
3.715372,
-14.328119,
0.410105,
-0.717876,
1.368201,
0.150294,
-0.061471,
0.198369,
1.660573,
-5.336229,
-4.175150,
-0.035572,
2.012530,
7.536983,
-7.110560,
-4.994875,
14.137328,
4.501596,
5.528860,
4.261911,
-18.581778,
-2.058275,
-1.583580,
-0.680328,
6.661601,
-11.710495,
-6.316778,
-0.384178,
5.884921,
11.016209,
-19.225430,
-12.113466,
31.024660,
4.821946,
-0.934596,
-0.039208,
2.198856,
2.827006,
-8.378990,
-4.611982,
10.986163,
0.473839,
-3.105163,
1.625077,
-10.575818,
-6.579962,
-4.096556,
3.453304,
1.036624,
-0.519685,
7.011839,
-8.959651,
38.852760,
51.253985,
-6.064934,
-14.992769,
-8.984637,
-4.280040,
13.293140,
-0.259755,
-0.374427,
-4.710367,
21.205183,
19.901654,
-16.136345,
-27.508665,
3.059368,
-0.357729,
-1.652001,
-2.971588,
9.488459,
6.632357,
-7.045312,
-10.458954,
-5.249593,
-6.808411,
4.535023,
12.033901,
7.106563,
10.844218,
-1.887623,
-1.024196,
39.565400,
-8.158946,
-13.496078,
-5.186534,
23.855298,
15.542796,
-30.408640,
-45.813690,
-7.547251,
-8.203765,
-0.647581,
1.215535,
14.666533,
23.227948,
-4.131148,
1.958288,
-0.730507,
-1.080499,
-3.943453,
-4.758682,
5.821734,
7.578422,
-2.501315,
2.093113,
-10.997128,
1.623712,
0.755508,
-2.191873,
-0.374995,
-13.984896,
4.797589,
11.956166,
-23.596230,
-0.215234,
6.502627,
6.549174,
-25.913350,
-22.766868,
30.544820,
5.542464,
1.824622,
20.637981,
-16.488701,
-12.479729,
1.043415,
2.257220,
-0.894883,
19.417168,
0.477645,
4.000407,
-2.903526,
-1.782756,
1.513501,
1.216150,
-0.894709,
6.226513,
4.132156,
-8.623189,
-5.338770,
-11.628341,
7.267725,
8.488700,
-12.310084,
-8.591188,
2.715097,
24.448860,
11.724450,
1.179274,
5.540349,
4.358681,
-3.898276,
8.949081,
6.094906,
-9.431269,
-11.015481,
-18.901356,
20.798893,
21.365058,
-27.324500,
-12.065745,
0.960586,
-1.671543,
-3.354841,
-5.488558,
9.485721,
8.543483,
-9.776336,
-2.624721,
1.596533,
-13.084363,
7.709827,
14.318241,
5.662411,
-4.975634,
-4.569184,
-5.464910,
29.023240,
27.661113,
-14.752373,
-4.642165,
-5.627951,
-15.858776,
-14.406833,
11.702676,
-9.634430,
6.928531,
3.382020,
-18.583841,
-16.722435,
-6.709877,
15.471703,
30.510248,
-1.898093,
1.228444,
-0.368630,
-1.895936,
-6.185291,
-0.783523,
5.601606,
7.967455,
7.273208,
2.084784,
-10.695040,
-26.548550,
-2.529788,
3.394585,
14.188396,
-7.433411,
-27.026020,
11.368746,
-5.392694,
4.162586,
-14.218145,
-0.049170,
23.730380,
19.253214,
11.738774,
2.948416,
-15.298186,
-31.777538,
-2.441500,
12.608564,
24.967225,
-17.442255,
1.202366,
0.250323,
-1.731258,
-5.398124,
0.380885,
7.333701,
7.549691,
-6.112797,
14.127315,
-6.473048,
-24.863570,
25.325215,
9.794269,
7.710832,
-11.227355,
-32.872620,
37.777993,
-40.918198,
-14.285326,
-11.518949,
27.144613,
22.155435,
-29.337525,
-6.062600,
-5.088849,
-22.880035,
1.953335,
16.091624,
9.172418,
-8.794146,
-0.373621,
-8.840346,
-1.000793,
-3.248138,
-0.651810,
3.194645,
2.066912,
-3.664088,
1.211404,
-1.827184,
-0.711589,
14.733733,
7.614907,
8.997166,
-8.191181,
-12.635731,
3.507545,
10.467445,
-4.284892,
-4.095224,
-17.307368,
4.472236,
2.744891,
-12.005796,
5.395728,
5.754198,
-1.467949,
16.582165,
15.998054,
16.866264,
-24.610705,
-28.478785,
18.264710,
16.822300,
-0.477976,
2.552410,
5.357033,
6.106573,
-11.660936,
-11.067673,
9.301457,
3.487911,
1.779706,
15.069006,
6.855844,
-18.213085,
-18.473961,
10.556280,
10.653943,
4.258133,
1.001368,
-31.998098,
4.525654,
9.514851,
3.594412,
-18.550875,
-0.318809,
11.014046,
0.717809,
-2.988237,
-36.998050,
8.905863,
43.564805,
-5.386801,
-29.200948,
8.425324,
0.068842,
-0.303009,
-11.746616,
3.067098,
18.103210,
-3.357021,
-9.049455,
5.930989,
-1.283984,
-2.834296,
15.519634,
7.229369,
-3.145942,
-5.114901,
-15.807035,
-1.358286,
18.490810,
-0.909875,
-27.683410,
19.309254,
44.578705,
-14.365786,
-20.556019,
7.813838,
-1.869641,
-3.799099,
22.137973,
2.829359,
-8.852237,
-0.467300,
-22.902658,
-1.495641,
-0.176349,
-0.517286,
5.239080,
0.637236,
-3.968524,
-1.106478,
-4.358740,
-0.867142,
-1.934319,
4.048382,
26.134023,
-14.471615,
-19.640276,
3.839070,
15.421878,
13.802903,
-43.120635,
-0.422463,
10.924176,
-5.540511,
-23.994420,
-2.924860,
42.429815,
-3.447212,
2.835074,
2.445114,
9.026936,
-8.099945,
-21.543258,
7.019538,
5.280960,
-3.202556,
0.352880,
0.175607,
5.555108,
-2.049772,
-8.184941,
2.759850,
0.418311,
-1.511686,
0.981107,
-2.612140,
-7.166021,
-2.091197,
9.311719,
9.104826,
-5.653704,
-5.170398,
-1.039775,
-14.695453,
35.968643,
-9.104057,
-18.807614,
10.924226,
-5.492769,
-4.209523,
2.089976,
-2.697134,
-14.302438,
-3.147793,
26.054865,
14.425120,
-23.084120,
-6.306015,
0.467414,
-0.283116,
-5.101666,
-2.163808,
11.376339,
5.117715,
-11.019485,
-0.167420,
-0.332908,
-1.505979,
-1.414811,
10.447884,
17.870303,
-11.013553,
-9.894246,
6.203857,
-24.130905,
17.002448,
-21.312045,
-55.746985,
2.616676,
35.563608,
7.294149,
-7.056931,
-5.674489,
-1.813146,
15.284793,
10.794459,
-28.518300,
-17.917853,
17.493403,
8.860657,
-1.779249,
-0.275149,
6.762756,
3.107595,
-14.220100,
-6.021454,
7.182348,
2.808095,
0.962208,
6.205897,
-3.413347,
-3.990639,
-2.101947,
-6.337533,
4.526751,
5.525587,
-36.267898,
-0.646764,
28.803888,
-5.077310,
-38.127663,
-10.565679,
16.641653,
29.614930,
2.605985,
8.015468,
-5.184026,
10.616580,
-2.918855,
-25.920303,
12.790736,
10.016884,
-0.148193,
1.149589,
0.356679,
6.579118,
-2.475275,
-8.849481,
5.718572,
2.084694,
4.833686,
-0.810723,
-4.490747,
-2.849780,
-4.514841,
9.204813,
-0.328461,
-9.350392,
31.371575,
21.207845,
2.645863,
23.694500,
19.525629,
8.367369,
-40.688248,
-14.094008,
-1.702729,
-13.486769,
11.588824,
6.969898,
5.820687,
6.828334,
9.695187,
-17.704986,
-0.142148,
-2.932579,
1.075306,
-0.060208,
2.483463,
2.623065,
3.417580,
-8.026793,
-1.815231,
3.767698,
-1.199929,
5.972611,
-2.631448,
-2.736455,
7.211539,
7.505193,
0.776493,
-16.450394,
-25.697785,
-4.765633,
5.679313,
4.828200,
7.277353,
-26.513485,
-4.263186,
4.150188,
1.769033,
6.250206,
-12.226676,
-7.129163,
21.963783,
15.117578,
-0.732295,
1.005135,
0.327213,
0.624239,
-5.535854,
-2.958237,
7.450398,
4.093538,
-3.816348,
8.296273,
-6.374772,
-9.953197,
-4.747509,
1.331068,
4.685748,
-3.788998,
-16.017993,
-13.188103,
22.109250,
29.877775,
-2.573949,
-1.834866,
11.054563,
-5.367376,
8.821656,
-2.480147,
0.992985,
5.970321,
11.365936,
16.684029,
-4.425746,
-29.727970,
2.332756,
-0.686974,
1.113169,
-0.848177,
5.793027,
4.903387,
-3.047876,
-9.717151,
-5.517259,
-5.256160,
0.789564,
18.615450,
4.596488,
5.102855,
-9.433172,
-0.746037,
34.771920,
-9.066566,
1.628329,
-6.339697,
14.914171,
11.395638,
-16.829874,
-36.204895,
-11.368263,
-6.902646,
1.968832,
17.235105,
10.294075,
8.953009,
-23.709688,
2.799201,
-0.843257,
-0.824994,
-1.768162,
-0.415187,
4.284299,
1.071259,
-9.911207,
2.350666,
-15.690623,
3.524638,
17.104811,
-9.120724,
6.125208,
-14.744803,
-3.486243,
27.821145,
-26.409208,
30.168388,
3.437272,
6.134882,
-23.531188,
-36.704480,
22.448020,
21.231853,
3.600222,
28.822440,
-14.009418,
-22.057255,
-0.100119,
-0.300883,
-13.754425,
29.293390,
0.727398,
4.578536,
-4.753282,
-2.787600,
1.924954,
0.603904,
-5.056124,
9.978447,
1.582132,
-15.521370,
-1.187141,
-18.386196,
2.175859,
9.445024,
1.199427,
-12.122110,
5.183954,
17.445926,
3.501136,
6.995384,
7.644514,
2.732652,
-3.600944,
16.666681,
3.541566,
-18.173533,
-7.208167,
-30.554128,
11.861881,
31.233383,
-8.325606,
-27.401345,
0.784569,
-3.089039,
-1.819657,
-7.563203,
7.165952,
13.280871,
-5.015164,
-7.965761,
2.390396,
-18.882021,
-16.968699,
23.341900,
16.499271,
-0.929049,
-6.438653,
-16.843943,
13.411383,
29.892165,
-9.789104,
-5.847440,
0.027365,
7.527903,
-12.924380,
-8.678085,
-0.109772,
8.745287,
18.223556,
-3.764185,
-22.168595,
-8.949957,
13.917908,
12.352013,
-0.144967,
1.451474,
4.322402,
-0.241163,
-9.674541,
-1.876153,
6.278644,
1.123740,
2.052637,
1.062003,
-3.385389,
-17.099039,
-2.561847,
3.962908,
9.688738,
4.117338,
-17.720715,
11.045978,
6.046151,
-6.468705,
-26.037498,
0.921577,
18.415615,
7.622278,
5.118169,
2.078790,
-9.631375,
-21.040840,
-2.587366,
5.714779,
24.174748,
6.283533,
0.535807,
0.047252,
-1.730733,
-3.873967,
-0.769470,
4.435910,
6.927032,
0.586667,
7.316425,
-7.852273,
-35.458753,
7.211737,
9.311557,
9.712124,
6.376086,
-29.700048,
39.290063,
-20.058684,
-13.670478,
-11.679384,
23.751348,
14.186648,
-30.724383,
-6.765825,
-4.495202,
-9.526454,
-20.035344,
12.110011,
27.047428,
-4.292922,
-11.658156,
2.982225,
-0.962344,
-0.926684,
-6.625348,
2.163590,
8.856773,
-2.124910,
-3.037881,
3.833494,
0.239840,
7.739784,
6.551874,
11.751154,
-2.446896,
-16.652003,
-2.704915,
6.203152,
-6.146383,
14.436893,
-31.785920,
6.112191,
22.785410,
-13.780860,
-4.223318,
18.635131,
-0.193333,
9.527590,
17.484438,
21.582005,
-20.029568,
-38.456250,
10.769203,
17.901106,
-0.536378,
1.317527,
5.680825,
8.678170,
-10.857155,
-15.378675,
11.448053,
5.485292,
0.414881,
6.636538,
33.060200,
-19.253764,
-44.821445,
5.324589,
17.460705,
8.011293,
27.327950,
-33.417175,
11.113595,
31.982083,
-1.433514,
-30.929850,
6.257385,
14.475903,
1.694761,
-3.320838,
-21.643380,
-9.849281,
27.073340,
13.334371,
-22.464865,
-3.901081,
0.725737,
-0.260861,
-7.476584,
-2.503812,
12.978825,
4.190271,
-9.296151,
1.308729,
0.146283,
-2.222789,
4.340222,
7.382546,
2.087796,
-0.709742,
-6.002528,
-5.650212,
28.170763,
1.128905,
-21.162370,
8.519652,
36.494873,
4.001166,
-18.675068,
-8.300151,
-0.431570,
-3.555614,
10.221271,
-0.257664,
0.231629,
10.772163,
-17.586326,
-13.772706,
0.237178,
-0.486510,
1.867949,
-1.885954,
0.967388,
2.786851,
-5.580745,
-3.212244,
-1.131108,
4.286192,
18.655891,
0.872558,
-3.308381,
-7.000029,
-3.774746,
17.133835,
-44.364245,
-26.446085,
2.354017,
-37.840198,
-21.277583,
13.138954,
45.521545,
10.051459,
2.712519,
4.860939,
6.189787,
1.391922,
-22.174628,
-9.346158,
6.350225,
1.902563,
0.339459,
1.286737,
5.621102,
1.526630,
-10.038444,
-3.924512,
1.803301,
1.368836,
-0.089124,
-0.987124,
-2.266488,
-1.195999,
1.925385,
5.580119,
-4.562054,
-5.009733,
-0.063275,
1.722700,
48.230660,
-0.586086,
-28.176568,
-3.633436,
-4.337539,
14.137590,
1.049944,
-1.016398,
-9.168046,
4.600251,
17.352560,
4.756410,
-19.696068,
-10.366333,
0.407912,
-0.323824,
-2.617948,
1.046484,
7.191776,
1.712248,
-8.508422,
-2.613189,
1.139711,
-2.579053,
3.868427,
8.751378,
14.830713,
-4.035012,
-13.833446,
9.265243,
-5.618183,
10.774248,
-12.776006,
-41.476503,
0.874310,
27.826245,
-6.329763,
-12.652833,
-2.494406,
-2.793060,
7.388543,
6.936629,
-15.059431,
-18.154466,
12.120401,
12.799601,
-1.706624,
-0.348192,
3.117975,
2.639761,
-9.163666,
-6.295710,
6.639855,
3.292306,
1.213000,
6.097380,
0.909884,
-6.788502,
-2.735173,
-3.224737,
2.741068,
4.427007,
-38.224090,
-0.499100,
14.400100,
-0.653494,
-28.159900,
-12.586574,
11.703483,
22.544028,
6.930468,
9.286908,
-3.497121,
-0.840463,
-2.556064,
-18.196309,
15.085323,
17.019661,
-0.204602,
1.354849,
-0.127619,
3.811985,
-2.899399,
-5.342546,
7.811530,
4.719198,
11.593456,
0.877165,
-9.369095,
-5.284319,
-13.572456,
8.791792,
14.953445,
-15.418139,
26.144320,
-6.544064,
1.905754,
24.015018,
17.109738,
29.036698,
-23.277295,
-34.614723,
-3.246511,
-26.869048,
16.654636,
21.265328,
-3.676318,
8.972796,
33.752628,
-23.546283,
-0.333950,
-4.731197,
6.277818,
2.508066,
-1.758416,
2.898635,
12.516553,
-11.189888,
-0.358605,
10.570663,
-6.943083,
9.586974,
0.678173,
-0.140294,
-3.655647,
3.237132,
-1.736171,
-22.931920,
-7.738955,
-13.344459,
-7.241880,
8.133429,
19.557880,
-38.608873,
-3.439880,
14.449891,
-5.706586,
17.446371,
-1.605862,
-12.694620,
-5.409417,
20.994115,
-0.672707,
2.819971,
-1.752849,
1.309712,
-1.939024,
-6.762726,
-2.995181,
6.183254,
-6.423399,
19.091011,
16.284021,
-12.170413,
-1.778288,
-7.108771,
-4.528481,
15.270869,
-18.113430,
-14.909240,
14.278846,
24.947045,
-3.761509,
-15.832971,
13.221426,
9.872609,
-0.839230,
-7.832463,
-3.383963,
-1.109683,
8.602633,
15.178443,
-1.853715,
-16.752804,
0.500053,
-1.648098,
-0.505619,
-1.096127,
6.029753,
4.773746,
-2.931005,
-5.056068,
-1.786125,
-2.798510,
-2.425295,
9.998953,
2.576278,
3.460163,
-4.104887,
-5.173150,
22.332000,
-15.833698,
-1.355837,
0.969364,
17.897720,
10.170934,
-8.394215,
-25.915910,
-7.304254,
-4.712626,
0.026102,
10.024013,
6.564924,
13.786921,
-20.777546,
-16.002666,
-0.481517,
-0.330379,
-0.801717,
-1.314848,
4.218145,
3.225158,
-10.721203,
-4.362305,
-12.151594,
6.716149,
15.682346,
5.073922,
17.340058,
-11.053754,
-21.302455,
20.739551,
-26.288320,
30.523995,
6.949261,
20.246870,
-18.628845,
-33.431973,
17.814320,
17.348133,
4.805105,
19.047783,
12.254379,
-20.030290,
-16.568956,
-0.000700,
-5.889077,
9.560696,
1.120294,
2.476612,
1.289562,
-3.372753,
-3.832428,
1.331514,
-2.458426,
1.458425,
-0.012810,
-11.376246,
0.958180,
-17.674009,
-1.675684,
12.361444,
6.196683,
-3.294471,
11.067040,
-4.106234,
11.765969,
0.692804,
-9.134518,
10.070693,
2.933529,
-4.473751,
1.145942,
-15.523588,
-6.574033,
-37.590100,
6.149873,
44.396225,
4.070258,
-22.493133,
0.858183,
-2.458078,
-2.267103,
-11.269251,
6.166055,
19.312481,
-5.791566,
-8.968500,
2.689215,
-14.229153,
-55.460625,
14.694326,
44.998840,
10.281225,
-5.297060,
-24.673178,
-17.095013,
43.231495,
-11.283949,
-13.937128,
3.678025,
15.001244,
-15.688169,
-18.256664,
0.906093,
12.398933,
8.321069,
4.670923,
-9.148399,
-12.624338,
2.243848,
12.843715,
-0.055532,
1.730576,
1.321410,
1.427750,
-5.461763,
-3.721317,
3.567151,
2.847843,
-0.181825,
-1.497940,
2.699071,
-8.525857,
-2.363636,
-0.105180,
2.763903,
3.818892,
-20.658495,
8.028637,
-2.266964,
-5.104369,
-17.098801,
-6.044672,
11.788595,
13.610710,
0.846121,
-1.258137,
0.053715,
-13.025498,
-6.022491,
-5.510263,
18.104006,
18.778335,
0.024761,
-0.457473,
0.093004,
-0.886580,
-3.462354,
0.098235,
8.058876,
4.759094,
2.233237,
-10.825196,
-28.048008,
-12.437418,
-9.192015,
12.090706,
30.306008,
-19.446868,
50.301085,
14.387546,
-10.479086,
25.946815,
23.981800,
-15.581244,
-32.241738,
-8.633352,
-2.369599,
-2.400923,
-17.713386,
-7.018206,
25.578573,
13.259053,
-20.906925,
-1.411371,
-0.744302,
-0.422989,
-7.829541,
-3.375512,
10.562703,
5.385939,
-8.116188,
1.252619,
0.977055,
1.857914,
0.603309,
5.840507,
4.781212,
-8.356731,
-1.010645,
4.466747,
-6.356519,
9.872975,
-51.305735,
-2.186060,
37.825368,
3.447961,
-9.016272,
5.415652,
1.805271,
2.783830,
12.769683,
8.274359,
-11.313503,
-23.719970,
10.896393,
15.497906,
-0.528797,
0.392219,
3.351339,
4.726272,
-5.929419,
-9.870419,
9.643551,
7.343944,
0.769612,
1.562805,
23.293458,
-8.896543,
-39.879928,
-9.754537,
22.729010,
5.378611,
22.925700,
-24.495505,
8.173213,
22.111188,
-1.073803,
-33.582565,
10.211058,
29.954175,
0.125242,
2.267936,
-16.221863,
-14.042131,
18.293488,
14.520309,
-25.734780,
-7.775443,
1.070683,
0.684355,
-5.810392,
-3.642892,
9.716486,
4.995792,
-12.710759,
0.351059,
0.214338,
-3.698570,
0.272534,
6.221019,
3.593937,
-1.474050,
-1.473766,
-1.668758,
34.981910,
8.441389,
-13.788266,
6.934081,
33.294200,
6.836799,
-24.489220,
-0.420123,
-3.370369,
-6.866885,
6.952514,
5.015105,
1.010125,
7.812686,
-7.731232,
-20.210951,
0.551219,
-1.148784,
1.619339,
-0.136272,
1.839272,
1.637264,
-2.395566,
-4.554107,
-6.145708,
-0.830931,
19.518919,
11.145664,
0.359288,
-9.074535,
-15.910525,
12.083229,
-38.428653,
-14.711548,
3.155632,
-49.755690,
-19.748140,
-2.726485,
25.990155,
29.659948,
2.840000,
17.529676,
-8.297814,
-10.102499,
-4.400106,
-15.146306,
-18.396718,
12.340694,
0.141942,
3.448062,
-1.771052,
-0.011792,
-3.386931,
-6.108352,
-6.920593,
6.660044,
-0.610211,
-5.425965,
4.857209,
-3.068333,
-2.123079,
-0.349745,
1.632049,
-0.839867,
-1.201413,
17.000585,
29.334418,
13.291620,
-11.414273,
-14.022833,
-19.099999,
33.183705,
1.727646,
-8.480987,
0.559222,
-1.950896,
5.408033,
1.919890,
3.138080,
-10.434559,
0.322489,
-1.826159,
0.234199,
2.630094,
2.034102,
2.157281,
2.792944,
-2.203353,
5.171017,
-12.799220,
-4.764373,
9.458332,
-1.329347,
4.028190,
1.133314,
-7.685879,