3.850448,
3.861572,
3.895671,
3.955075,
4.044191,
4.170464,
4.346369,
4.593489,
4.951782,
5.503515,
6.448522,
8.430349,
15.308331,
-46.232245,
-5.120583,
-1.321258,
0.159219,
0.989724,
1.558265,
2.006008,
2.400124,
2.780941,
3.179578,
3.627329,
4.164009,
4.850263,
5.792883,
7.209172,
9.632071,
14.829633,
34.385220,
-85.580960,
-18.072224,
-9.769365,
-6.522482,
-4.788766,
-3.709192,
-2.971761,
-2.435827,
-2.028632,
-1.708743,
-1.450815,
-1.238476,
-1.060665,
-0.909640,
-0.779826,
-0.667089,
-0.568314,
-0.481100,
-0.403566,
-0.334220,
-0.271858,
-0.215516,
-0.164379,
-0.117784,
-0.075177,
-0.036085,
-0.000110,
0.033087,
0.063800,
0.092283,
0.118755,
0.143413,
0.166415,
0.187921,
0.208057,
0.226936,
0.244668,
0.261341,
0.277040,
0.291840,
0.305806,
0.319001,
0.331476,
0.343285,
0.354473,
0.365077,
0.375139,
0.384689,
0.393763,
0.402390,
0.410594,
0.418398,
0.425826,
0.432903,
0.439645,
0.446067,
0.452188,
0.458025,
0.463590,
0.468897,
0.473956,
0.478782,
0.483384,
0.487773,
0.491956,
0.495944,
0.499744,
0.503361,
0.506805,
0.510084,
0.513200,
0.516163,
0.518976,
0.521642,
0.524170,
0.526561,
0.528820,
0.530952,
0.532961,
0.534847,
0.536614,
0.538270,
0.539809,
0.541242,
0.542566,
0.543783,
0.544895,
0.545907,
0.546817,
0.547628,
0.548341,
0.548956,
0.549475,
0.549899,
0.550227,
0.550463,
0.550601,
0.550650,
0.550601,
0.550463,
0.550227,
0.549899,
0.549475,
0.548956,
0.548341,
0.547628,
0.546817,
0.545907,
0.544895,
0.543783,
0.542566,
0.541242,
0.539809,
0.538270,
0.536614,
0.534847,
0.532961,
0.530952,
0.528820,
0.526561,
0.524170,
0.521642,
0.518976,
0.516163,
0.513200,
0.510084,
0.506805,
0.503361,
0.499744,
0.495944,
0.491956,
0.487773,
0.483384,
0.478782,
0.473956,
0.468897,
0.463590,
0.458025,
0.452188,
0.446067,
0.439645,
0.432903,
0.425826,
0.418398,
0.410594,
0.402390,
0.393763,
0.384689,
0.375139,
0.365077,
0.354473,
0.343285,
0.331476,
0.319001,
0.305806,
0.291840,
0.277040,
0.261341,
0.244668,
0.226936,
0.208057,
0.187921,
0.166415,
0.143413,
0.118755,
0.092283,
0.063800,
0.033087,
-0.000110,
-0.036085,
-0.075177,
-0.117784,
-0.164379,
-0.215516,
-0.271858,
-0.334220,
-0.403566,
-0.481100,
-0.568314,
-0.667089,
-0.779826,
-0.909640,
-1.060665,
-1.238476,
-1.450815,
-1.708743,
-2.028632,
-2.435827,
-2.971761,
-3.709192,
-4.788766,
-6.522482,
-9.769365,
-18.072224,
-85.580960,
34.385220,
14.829633,
9.632071,
7.209172,
5.792883,
4.850263,
4.164009,
3.627329,
3.179578,
2.780941,
2.400124,
2.006008,
1.558265,
0.989724,
0.159219,
-1.321258,
-5.120583,
-46.232245,
15.308331,
8.430349,
6.448522,
5.503515,
4.951782,
4.593489,
4.346369,
4.170464,
4.044191,
3.955075,
3.895671,
3.861572,
0.000000,
0.212463,
0.431448,
0.664300,
0.920199,
1.211831,
1.558228,
1.990550,
2.564910,
3.395375,
4.757600,
7.537736,
17.047886,
-67.621015,
-11.010441,
-5.765610,
-3.722893,
-2.586461,
-1.823957,
-1.243477,
-0.755969,
-0.310863,
0.127365,
0.590594,
1.115642,
1.755315,
2.599811,
3.830258,
5.888555,
10.238132,
26.462188,
-72.739245,
-16.850559,
-9.943583,
-7.221329,
-5.752723,
-4.826929,
-4.185677,
-3.712478,
-3.347022,
-3.054927,
-2.815137,
-2.614024,
-2.442364,
-2.293694,
-2.163336,
-2.047826,
-1.944533,
-1.851431,
-1.766924,
-1.689744,
-1.618864,
-1.553443,
-1.492792,
-1.436336,
-1.383590,
-1.334140,
-1.287640,
-1.243784,
-1.202316,
-1.163007,
-1.125658,
-1.090101,
-1.056175,
-1.023751,
-0.992702,
-0.962928,
-0.934325,
-0.906808,
-0.880299,
-0.854725,
-0.830025,
-0.806138,
-0.783012,
-0.760597,
-0.738848,
-0.717724,
-0.697183,
-0.677202,
-0.657737,
-0.638761,
-0.620246,
-0.602170,
-0.584505,
-0.567228,
-0.550319,
-0.533760,
-0.517532,
-0.501615,
-0.485996,
-0.470658,
-0.455586,
-0.440768,
-0.426190,
-0.411842,
-0.397707,
-0.383782,
-0.370049,
-0.356506,
-0.343134,
-0.329929,
-0.316883,
-0.303986,
-0.291232,
-0.278612,
-0.266118,
-0.253744,
-0.241484,
-0.229330,
-0.217277,
-0.205316,
-0.193444,
-0.181655,
-0.169942,
-0.158299,
-0.146725,
-0.135209,
-0.123750,
-0.112342,
-0.100979,
-0.089657,
-0.078372,
-0.067117,
-0.055890,
-0.044686,
-0.033498,
-0.022325,
-0.011161,
0.000000,
0.011161,
0.022325,
0.033498,
0.044686,
0.055890,
0.067117,
0.078372,
0.089657,
0.100979,
0.112342,
0.123750,
0.135209,
0.146725,
0.158299,
0.169942,
0.181655,
0.193444,
0.205316,
0.217277,
0.229330,
0.241484,
0.253744,
0.266118,
0.278612,
0.291232,
0.303986,
0.316883,
0.329929,
0.343134,
0.356506,
0.370049,
0.383782,
0.397707,
0.411842,
0.426190,
0.440768,
0.455586,
0.470658,
0.485996,
0.501615,
0.517532,
0.533760,
0.550319,
0.567228,
0.584505,
0.602170,
0.620246,
0.638761,
0.657737,
0.677202,
0.697183,
0.717724,
0.738848,
0.760597,
0.783012,
0.806138,
0.830025,
0.854725,
0.880299,
0.906808,
0.934325,
0.962928,
0.992702,
1.023751,
1.056175,
1.090101,
1.125658,
1.163007,
1.202316,
1.243784,
1.287640,
1.334140,
1.383590,
1.436336,
1.492792,
1.553443,
1.618864,
1.689744,
1.766924,
1.851431,
1.944533,
2.047826,
2.163336,
2.293694,
2.442364,
2.614024,
2.815137,
3.054927,
3.347022,
3.712478,
4.185677,
4.826929,
5.752723,
7.221329,
9.943583,
16.850559,
72.739245,
-26.462188,
-10.238132,
-5.888555,
-3.830258,
-2.599811,
-1.755315,
-1.115642,
-0.590594,
-0.127365,
0.310863,
0.755969,
1.243477,
1.823957,
2.586461,
3.722893,
5.765610,
11.010441,
67.621015,
-17.047886,
-7.537736,
-4.757600,
-3.395375,
-2.564910,
-1.990550,
-1.558228,
-1.211831,
-0.920199,
-0.664300,
-0.431448,
-0.212463