-0.000000,
0.000000,
0.900859,
-0.000000,
1.409477,
-0.000000,
1.336825,
0.000000,
0.791073,
0.000000,
0.112215,
-0.000000,
-0.316547,
-0.000001,
-0.278015,
-0.000000,
0.162760,
0.000000,
0.698066,
-0.000001,
0.951057,
-0.000000,
0.688516,
-0.000000,
-0.043325,
0.000000,
-0.934437,
0.000000,
-1.570567,
-0.000001,
-1.651056,
-0.000001,
-1.147493,
-0.000000,
-0.317622,
0.000000,
0.432878,
-0.000000,
0.765975,
0.000000,
0.587785,
-0.000000,
0.090979,
0.000000,
-0.359064,
-0.000000,
-0.431715,
0.000000,
-0.018808,
-0.000000,
0.700000,
-0.000000,
1.350287,
-0.000001,
1.564339,
0.000000,
1.181963,
0.000000,
0.341645,
-0.000000,
-0.587786,
-0.000000,
-1.198599,
-0.000001,
-1.255778,
0.000001,
-0.815002,
0.000000,
-0.183986,
-0.000000,
0.251057,
-0.000000,
0.239088,
-0.000000,
-0.198187,
0.000000,
-0.779575,
0.000000,
-1.121140,
0.000000,
-0.951057,
0.000000,
-0.265442,
0.000000,
0.660140,
-0.000001,
1.410640,
-0.000001,
1.648027,
-0.000001,
1.287786,
-0.000000,
0.540406,
0.000000,
-0.204202,
0.000000,
-0.586577,
0.000001,
-0.468236,
0.000000,
-0.000000,
-0.000000,
0.468236,
-0.000000,
0.586577,
-0.000000,
0.204201,
0.000000,
-0.540407,
0.000001,
-1.287786,
-0.000000,
-1.648027,
0.000001,
-1.410641,
0.000001,
-0.660140,
-0.000000,
0.265442,
-0.000000,
0.951057,
-0.000001,
1.121140,
-0.000001,
0.779575,
0.000000,
0.198187,
0.000000,
-0.239088,
0.000000,
-0.251057,
0.000000,
0.183986,
-0.000000,
0.815003,
-0.000000,
1.255778,
-0.000000,
1.198600,
-0.000000,
0.587785,
0.000000,
-0.341646,
-0.000001,
-1.181963,
-0.000000,
-1.564339,
0.000000,
-1.350287,
0.000000,
-0.700000,
-0.000000,
0.018808,
-0.000000,
0.431715,
0.000000,
0.359064,
0.000000,
-0.090979,
0.000000,
-0.587785,
0.000000,
-0.765975,
0.000000,
-0.432879,
0.000000,
0.317622,
-0.000000,
1.147494,
-0.000000,
1.651057,
-0.000000,
1.570567,
0.000001,
0.934436,
0.000000,
0.043325,
-0.000000,
-0.688515,
-0.000000,
-0.951057,
0.000000,
-0.698065,
-0.000000,
-0.162760,
-0.000000,
0.278016,
0.000000,
0.316548,
0.000000,
-0.112215,
-0.000000,
-0.791073,
-0.000000,
-1.336825,
0.000000,
-1.409477,
0.000000,
-0.900860,
0.000000,
0.000000,
0.000000,
0.900860,
0.000001,
1.409477,
0.000001,
1.336825,
0.000001,
0.791073,
-0.000000,
0.112215,
-0.000001,
-0.316548,
-0.000000,
-0.278016,
-0.000000,
0.162760,
0.000000,
0.698066,
0.000000,
0.951057,
0.000000,
0.688515,
-0.000000,
-0.043325,
-0.000001,
-0.934437,
-0.000001,
-1.570567,
0.000000,
-1.651058,
-0.000000,
-1.147494,
0.000000,
-0.317622,
0.000000,
0.432879,
0.000000,
0.765975,
0.000001,
0.587785,
0.000000,
0.090979,
-0.000000,
-0.359064,
0.000000,
-0.431715,
-0.000000,
-0.018808,
0.000000,
0.700000,
0.000000,
1.350288,
0.000001,
1.564339,
0.000001,
1.181963,
-0.000000,
0.341646,
-0.000001,
-0.587785,
0.000000,
-1.198599,
-0.000000,
-1.255778,
0.000000,
-0.815003,
-0.000000,
-0.183986,
-0.000000,
0.251057,
0.000000,
0.239088,
-0.000000,
-0.198187,
0.000000,
-0.779574,
0.000000,
-1.121140,
-0.000000,
-0.951057,
-0.000000,
-0.265442,
0.000000,
0.660140,
-0.000000,
1.410640,
0.000001,
1.648027,
-0.000000,
1.287786,
-0.000001,
0.540407,
0.000000,
-0.204201,
-0.000000,
-0.586577,
0.000000,
-0.468236,
-0.000000,
0.000000,
-0.000000,
0.468236,
0.000000,
0.586577,
-0.000000,
0.204202,
-0.000000,
-0.540406,
0.000000,
-1.287786,
-0.000000,
-1.648027,
0.000000,
-1.410640,
0.000000,
-0.660139,
-0.000000,
0.265442,
0.000001,
0.951057,
-0.000000,
1.121140,
-0.000001,
0.779575,
-0.000000,
0.198187,
0.000000,
-0.239088,
0.000000,
-0.251057,
0.000000,
0.183986,
-0.000000,
0.815003,
0.000000,
1.255778,
-0.000000,
1.198600,
-0.000001,
0.587786,
-0.000000,
-0.341645,
0.000000,
-1.181964,
0.000001,
-1.564340,
0.000001,
-1.350287,
-0.000000,
-0.700000,
-0.000000,
0.018808,
-0.000000,
0.431715,
-0.000000,
0.359064,
-0.000000,
-0.090979,
0.000000,
-0.587786,
0.000000,
-0.765976,
0.000000,
-0.432878,
-0.000000,
0.317623,
0.000000,
1.147494,
-0.000000,
1.651057,
-0.000001,
1.570568,
-0.000001,
0.934437,
0.000000,
0.043325,
0.000000,
-0.688516,
0.000000,
-0.951057,
0.000000,
-0.698065,
-0.000000,
-0.162760,
-0.000000,
0.278016,
-0.000000,
0.316548,
-0.000000,
-0.112215,
0.000000,
-0.791073,
0.000000,
-1.336826,
0.000000,
-1.409477,
-0.000000,
-0.900859,
-0.000000,
0.000000,
0.000000,
0.900859,
-0.000000,
1.409477,
-0.000000,
1.336825,
0.000000,
0.791073,
0.000000,
0.112215,
0.000000,
-0.316548,
-0.000000,
-0.278016,
-0.000000,
0.162760,
0.000000,
0.698065,
-0.000000,
0.951057,
-0.000001,
0.688515,
-0.000000,
-0.043325,
0.000000,
-0.934437,
0.000000,
-1.570568,
-0.000000,
-1.651057,
-0.000001,
-1.147493,
0.000000,
-0.317622,
0.000000,
0.432878,
-0.000000,
0.765975,
0.000000,
0.587785,
-0.000000,
0.090979,
0.000000,
-0.359064,
0.000000,
-0.431715,
-0.000000,
-0.018807,
0.000000,
0.700000,
0.000000,
1.350288,
0.000000,
1.564340,
0.000000,
1.181964,
0.000000,
0.341645,
-0.000001,
-0.587786,
-0.000001,
-1.198600,
-0.000002,
-1.255778,
-0.000000,
-0.815003,
0.000000,
-0.183986,
0.000000,
0.251057,
0.000000,
0.239088,
0.000000,
-0.198187,
-0.000000,
-0.779575,
-0.000000,
-1.121140,
-0.000000,
-0.951057,
0.000000,
-0.265442,
0.000001,
0.660139,
0.000000,
1.410641,
0.000001,
1.648028,
0.000000,
1.287786,
0.000000,
0.540406,
0.000000,
-0.204202,
-0.000001,
-0.586577,
-0.000000,
-0.468236,
-0.000000,
-0.000000,
-0.000000,
0.468236,
0.000000,
0.586578,
0.000000,
0.204201,
-0.000000,
-0.540407,
-0.000000,
-1.287786,
-0.000001,
-1.648027,
0.000000,
-1.410640,
0.000001,
-0.660140,
0.000000,
0.265441,
-0.000000,
0.951057,
-0.000000,
1.121140,
0.000000,
0.779574,
0.000000,
0.198187,
0.000000,
-0.239088,
0.000000,
-0.251057,
0.000000,
0.183986,
-0.000000,
0.815002,
-0.000000,
1.255778,
-0.000000,
1.198599,
-0.000000,
0.587785,
0.000000,
-0.341645,
-0.000001,
-1.181963,
-0.000000,
-1.564339,
0.000001,
-1.350287,
0.000000,
-0.700000,
-0.000000,
0.018808,
-0.000000,
0.431715,
0.000000,
0.359064,
0.000000,
-0.090979,
0.000000,
-0.587785,
-0.000000,
-0.765975,
0.000001,
-0.432879,
0.000000,
0.317622,
-0.000000,
1.147494,
-0.000000,
1.651057,
-0.000000,
1.570567,
0.000001,
0.934436,
0.000000,
0.043325,
-0.000001,
-0.688515,
-0.000000,
-0.951057,
0.000000,
-0.698066,
0.000000,
-0.162760,
0.000000,
0.278016,
-0.000000,
0.316548,
-0.000000,
-0.112215,
-0.000001,
-0.791073,
-0.000000,
-1.336825,
0.000001,
-1.409478,
0.000001,
-0.900860,
0.000001,
-0.000000,
0.000000,
0.900860,
0.000000,
1.409477,
0.000000,
1.336826,
0.000000,
0.791073,
-0.000000,
0.112215,
-0.000000,
-0.316548,
0.000000,
-0.278016,
0.000000,
0.162760,
0.000000,
0.698066,
-0.000000,
0.951057,
-0.000000,
0.688515,
-0.000001,
-0.043325,
-0.000001,
-0.934436,
-0.000000,
-1.570567,
0.000001,
-1.651058,
0.000000,
-1.147494,
0.000001,
-0.317622,
0.000001,
0.432879,
0.000000,
0.765975,
0.000001,
0.587785,
0.000000,
0.090979,
0.000000,
-0.359064,
0.000000,
-0.431715,
0.000000,
-0.018808,
-0.000000,
0.700000,
-0.000000,
1.350287,
0.000000,
1.564339,
0.000001,
1.181963,
-0.000000,
0.341646,
-0.000001,
-0.587785,
0.000000,
-1.198599,
-0.000000,
-1.255778,
0.000000,
-0.815003,
-0.000000,
-0.183986,
-0.000000,
0.251057,
0.000000,
0.239088,
-0.000000,
-0.198187,
0.000000,
-0.779574,
0.000001,
-1.121140,
0.000000,
-0.951057,
-0.000000,
-0.265442,
0.000000,
0.660140,
-0.000000,
1.410640,
0.000001,
1.648027,
-0.000000,
1.287786,
-0.000001,
0.540407,
0.000000,
-0.204201,
-0.000000,
-0.586577,
0.000000,
-0.468236,
0.000000,
0.000000,
-0.000000,
0.468236,
0.000000,
0.586577,
0.000000,
0.204202,
-0.000000,
-0.540406,
0.000000,
-1.287786,
-0.000000,
-1.648028,
-0.000001,
-1.410641,
-0.000000,
-0.660140,
-0.000001,
0.265442,
0.000001,
0.951057,
0.000000,
1.121140,
-0.000000,
0.779575,
0.000000,
0.198187,
0.000000,
-0.239088,
-0.000000,
-0.251057,
-0.000000,
0.183986,
-0.000000,
0.815003,
0.000000,
1.255778,
0.000000,
1.198600,
-0.000000,
0.587786,
0.000000,
-0.341645,
0.000000,
-1.181964,
0.000000,
-1.564340,
-0.000000,
-1.350287,
-0.000001,
-0.700000,
-0.000000,
0.018807,
0.000000,
0.431715,
0.000000,
0.359064,
0.000000,
-0.090979,
0.000000,
-0.587786,
-0.000000,
-0.765976,
-0.000000,
-0.432878,
-0.000001,
0.317622,
0.000001,
1.147493,
0.000000,
1.651057,
-0.000001,
1.570567,
-0.000000,
0.934437,
0.000000,
0.043325,
0.000000,
-0.688516,
0.000000,
-0.951057,
-0.000000,
-0.698065,
-0.000000,
-0.162760,
0.000000,
0.278016,
-0.000000,
0.316548,
-0.000000,
-0.112215,
0.000000,
-0.791073,
0.000000,
-1.336825,
0.000000,
-1.409477,
-0.000001,
-0.900859,
0.000000,
-0.000000,
0.000000,
0.900859,
-0.000000,
1.409477,
-0.000000,
1.336825,
0.000000,
0.791073,
0.000000,
0.112215,
-0.000000,
-0.316548,
-0.000000,
-0.278016,
-0.000000,
0.162760,
0.000000,
0.698065,
-0.000001,
0.951057,
-0.000000,
0.688516,
-0.000000,
-0.043325,
0.000000,
-0.934437,
0.000000,
-1.570567,
-0.000001,
-1.651057,
-0.000001,
-1.147494,
0.000001,
-0.317623,
0.000001,
0.432878,
0.000000,
0.765975,
0.000000,
0.587786,
-0.000000,
0.090979,
-0.000000,
-0.359064,
0.000000,
-0.431715,
0.000000,
-0.018808,
0.000000,
0.700000,
0.000000,
1.350287,
-0.000001,
1.564340,
-0.000000,
1.181964,
-0.000000,
0.341645,
-0.000001,
-0.587786,
-0.000000,
-1.198600,
-0.000001,
-1.255778,
0.000000,
-0.815003,
0.000001,
-0.183986,
-0.000000,
0.251056,
-0.000000,
0.239088,
-0.000000,
-0.198187,
-0.000000,
-0.779575,
-0.000000,
-1.121139,
0.000000,
-0.951057,
0.000000,
-0.265442,
0.000001,
0.660139,
-0.000000,
1.410641,
-0.000000,
1.648028,
-0.000000,
1.287786,
-0.000000,
0.540406,
0.000000,
-0.204202,
-0.000000,
-0.586577,
-0.000000,
-0.468236,
0.000000,
-0.000000,
-0.000000,
0.468236,
-0.000000,
0.586577,
0.000000,
0.204201,
-0.000000,
-0.540407,
0.000000,
-1.287786,
-0.000001,
-1.648027,
0.000000,
-1.410640,
0.000001,
-0.660140,
-0.000000,
0.265441,
-0.000000,
0.951057,
-0.000000,
1.121140,
0.000000,
0.779574,
0.000001,
0.198187,
0.000000,
-0.239088,
-0.000000,
-0.251057,
0.000000,
0.183986,
-0.000000,
0.815002,
-0.000000,
1.255778,
0.000000,
1.198600,
-0.000000,
0.587786,
0.000000,
-0.341645,
-0.000001,
-1.181963,
-0.000000,
-1.564339,
0.000001,
-1.350287,
0.000000,
-0.700001,
-0.000000,
0.018807,
-0.000000,
0.431715,
-0.000000,
0.359064,
0.000000,
-0.090979,
0.000000,
-0.587786,
-0.000000,
-0.765976,
0.000000,
-0.432879,
-0.000001,
0.317622,
-0.000000,
1.147494,
0.000000,
1.651058,
0.000001,
1.570567,
0.000001,
0.934437,
0.000001,
0.043325,
0.000000,
-0.688515,
-0.000000,
-0.951057,
-0.000000,
-0.698066,
-0.000001,
-0.162760,
-0.000000,
0.278016,
0.000000,
0.316548,
0.000000,
-0.112215,
0.000000,
-0.791073,
0.000000,
-1.336825,
0.000000,
-1.409477,
-0.000000,
-0.900860,
-0.000001,
-0.000000,
-0.000000,
0.900860,
0.000000,
1.409477,
0.000001,
1.336826,
0.000001,
0.791073,
0.000000,
0.112215,
0.000000,
-0.316548,
0.000000,
-0.278017,
-0.000000,
0.162760,
-0.000000,
0.698066,
0.000000,
0.951057,
0.000001,
0.688516,
0.000001