0.0000000000000000000,
 0.9008590019911517600,
1.4094764050330029000,
 1.3368251388382524000,
0.7910727949709119900,
 0.1122147477075269300,
-0.3165476893220813300,
 -0.2780160294395523900,
0.1627597894398759000,
 0.6980655701641786900,
0.9510565162951536400,
 0.6885151564035569800,
-0.0433251239200533320,
 -0.9344364487471407100,
-1.5705666138726264000,
 -1.6510565162951543000,
-1.1474932355083238000,
 -0.3176220088976082800,
0.4328782488972847100,
 0.7659753546662255700,
0.5877852522924733600,
 0.0909786624981606670,
-0.3590635661710568900,
 -0.4317148323658087600,
-0.0188075445220811100,
 0.6999999999999991800,
1.3502866673352947000,
 1.5643386244907347000,
1.1819629193805223000,
 0.3416451296267678500,
-0.5877852522924693600,
 -1.1985991467911514000,
-1.2557776021067473000,
 -0.8150017832273215300,
-0.1839858873048926800,
 0.2510565162951532400,
0.2390874910594116300,
 -0.1981873433777797700,
-0.7795742292894063400,
 -1.1211389485284813000,
-0.9510565162951543100,
 -0.2654417780392529500,
0.6601395637695840500,
 1.4106398215644789000,
1.6480268121352970000,
 1.2877852522924798000,
0.5404063278423089100,
 -0.2042013467133240200,
-0.5865770518235411400,
 -0.4682352098662294600,
-0.0000000000000022844,
 0.4682352098662256900,
0.5865770518235384800,
 0.2042013467133301200,
-0.5404063278422988100,
 -1.2877852522924718000,
-1.6480268121352952000,
 -1.4106398215644793000,
-0.6601395637695866000,
 0.2654417780392488400,
0.9510565162951503100,
 1.1211389485284859000,
0.7795742292894116700,
 0.1981873433777926500,
-0.2390874910594103000,
 -0.2510565162951542400,
0.1839858873048861300,
 0.8150017832273143100,
1.2557776021067444000,
 1.1985991467911523000,
0.5877852522924729200,
 -0.3416451296267688000,
-1.1819629193805241000,
 -1.5643386244907340000,
-1.3502866673353049000,
 -0.7000000000000092800,
0.0188075445220763360,
 0.4317148323658081000,
0.3590635661710626600,
 -0.0909786624981532840,
-0.5877852522924719200,
 -0.7659753546662236800,
-0.4328782488972846000,
 0.3176220088976077200,
1.1474932355083185000,
 1.6510565162951507000,
1.5705666138726262000,
 0.9344364487471430400,
0.0433251239200615480,
 -0.6885151564035489900,
-0.9510565162951579700,
 -0.6980655701641850200,
-0.1627597894398866200,
 0.2780160294395432900,
0.3165476893220825500,
 -0.1122147477075188200,
-0.7910727949709112100,
 -1.3368251388382495000,
-1.4094764050330020000,
 -0.9008590019911505400,
-0.0000000000000013095,
 0.9008590019911469900,
1.4094764050330042000,
 1.3368251388382550000,
0.7910727949709188700,
 0.1122147477075350300,
-0.3165476893220790000,
 -0.2780160294395530600,
0.1627597894398686000,
 0.6980655701641667000,
0.9510565162951509800,
 0.6885151564035568700,
-0.0433251239200414530,
 -0.9344364487471394900,
-1.5705666138726249000,
 -1.6510565162951569000,
-1.1474932355083234000,
 -0.3176220088976129400,
0.4328782488972802700,
 0.7659753546662279000,
0.5877852522924864600,
 0.0909786624981669120,
-0.3590635661710491200,
 -0.4317148323658107600,
-0.0188075445220862170,
 0.6999999999999891900,
1.3502866673352849000,
 1.5643386244907327000,
1.1819629193805272000,
 0.3416451296267809500,
-0.5877852522924713600,
 -1.1985991467911528000,
-1.2557776021067562000,
 -0.8150017832273203100,
-0.1839858873048986200,
 0.2510565162951502400,
0.2390874910594137400,
 -0.1981873433777801000,
-0.7795742292893990100,
 -1.1211389485284804000,
-0.9510565162951510900,
 -0.2654417780392547300,
0.6601395637695883800,
 1.4106398215644784000,
1.6480268121352961000,
 1.2877852522924937000,
0.5404063278423199000,
 -0.2042013467133118000,
-0.5865770518235409200,
 -0.4682352098662359600,
-0.0000000000000198206,
 0.4682352098662112000,
0.5865770518235407000,
 0.2042013467133371200,
-0.5404063278422821500,
 -1.2877852522924638000,
-1.6480268121352937000,
 -1.4106398215644815000,
-0.6601395637695950400,
 0.2654417780392415200,
0.9510565162951507600,
 1.1211389485284864000,
0.7795742292894223300,
 0.1981873433777896500,
-0.2390874910594076300,
 -0.2510565162951573500,
0.1839858873048901300,
 0.8150017832273104300,
1.2557776021067377000,
 1.1985991467911474000,
0.5877852522924876800,
 -0.3416451296267604100,
-1.1819629193805237000,
 -1.5643386244907387000,
-1.3502866673353038000,
 -0.6999999999999979600,
0.0188075445220686750,
 0.4317148323658059900,
0.3590635661710708200,
 -0.0909786624981464840,
-0.5877852522924473800,
 -0.7659753546662212400,
-0.4328782488972905400,
 0.3176220088975753000,
1.1474932355083025000,
 1.6510565162951496000,
1.5705666138726400000,
 0.9344364487471594800,
0.0433251239200649340,
 -0.6885151564035554300,
-0.9510565162951605300,
 -0.6980655701641891300,
-0.1627597894398790900,
 0.2780160294395422900,
0.3165476893220825500,
 -0.1122147477075279300,
-0.7910727949708936700,
 -1.3368251388382451000,
-1.4094764050330020000,
 -0.9008590019911614200,
-0.0000000000000026190,
 0.9008590019911590900,
1.4094764050330024000,
 1.3368251388382566000,
0.7910727949709073200,
 0.1122147477075374800,
-0.3165476893220823300,
 -0.2780160294395525000,
0.1627597894398583900,
 0.6980655701641524900,
0.9510565162951466500,
 0.6885151564035589800,
-0.0433251239200288520,
 -0.9344364487471201700,
-1.5705666138726218000,
 -1.6510565162951620000,
-1.1474932355083389000,
 -0.3176220088976162100,
0.4328782488972702800,
 0.7659753546662302300,
0.5877852522924814600,
 0.0909786624981878120,
-0.3590635661710439000,
 -0.4317148323658105400,
-0.0188075445220990960,
 0.6999999999999861900,
1.3502866673352931000,
 1.5643386244907322000,
1.1819629193805259000,
 0.3416451296267658500,
-0.5877852522924615900,
 -1.1985991467911563000,
-1.2557776021067451000,
 -0.8150017832273365200,
-0.1839858873049008400,
 0.2510565162951536900,
0.2390874910594207300,
 -0.1981873433777749400,
-0.7795742292894061200,
 -1.1211389485284691000,
-0.9510565162951666300,
 -0.2654417780392752700,
0.6601395637695710600,
 1.4106398215644609000,
1.6480268121353017000,
 1.2877852522924846000,
0.5404063278423372200,
 -0.2042013467133094700,
-0.5865770518235394700,
 -0.4682352098662475600,
-0.0000000000000219025,
 0.4682352098662154700,
0.5865770518235362600,
 0.2042013467133366700,
-0.5404063278422945900,
 -1.2877852522924498000,
0.0000000000000000000,
 0.0000000000000000000,
0.0000000000000000000,
 0.0000000000000000000,
0.0000000000000000000,
 0.0000000000000000000,
0.0000000000000000000,
 0.0000000000000000000,
0.0000000000000000000,
 0.0000000000000000000,
0.0000000000000000000,
 0.0000000000000000000,
0.0000000000000000000,
 0.0000000000000000000,
0.0000000000000000000,
 0.0000000000000000000,
0.0000000000000000000,
 0.0000000000000000000,
0.0000000000000000000,
 0.0000000000000000000,
0.0000000000000000000,
 0.0000000000000000000,
0.0000000000000000000,
 0.0000000000000000000,
0.0000000000000000000,
 0.0000000000000000000,
0.0000000000000000000,
 0.0000000000000000000,
0.0000000000000000000,
 0.0000000000000000000,
0.0000000000000000000,
 0.0000000000000000000,
0.0000000000000000000,
 0.0000000000000000000,
0.0000000000000000000,
 0.0000000000000000000,
0.0000000000000000000,
 0.0000000000000000000,
0.0000000000000000000,
 0.0000000000000000000,
0.0000000000000000000,
 0.0000000000000000000,
0.0000000000000000000,
 0.0000000000000000000,
0.0000000000000000000,
 0.0000000000000000000,
0.0000000000000000000,
 0.0000000000000000000,
0.0000000000000000000,
 0.0000000000000000000,
0.0000000000000000000,
 0.0000000000000000000,
0.0000000000000000000,
 0.0000000000000000000,
0.0000000000000000000,
 0.0000000000000000000,
0.0000000000000000000,
 0.0000000000000000000,
0.0000000000000000000,
 0.0000000000000000000,
0.0000000000000000000,
 0.0000000000000000000,
0.0000000000000000000,
 0.0000000000000000000,
0.0000000000000000000,
 0.0000000000000000000,
0.0000000000000000000,
 0.0000000000000000000,
0.0000000000000000000,
 0.0000000000000000000,
0.0000000000000000000,
 0.0000000000000000000,
0.0000000000000000000,
 0.0000000000000000000,
0.0000000000000000000,
 0.0000000000000000000,
0.0000000000000000000,
 0.0000000000000000000,
0.0000000000000000000,
 0.0000000000000000000,
0.0000000000000000000,
 0.0000000000000000000,
0.0000000000000000000,
 0.0000000000000000000,
0.0000000000000000000,
 0.0000000000000000000,
0.0000000000000000000,
 0.0000000000000000000,
0.0000000000000000000,
 0.0000000000000000000,
0.0000000000000000000,
 0.0000000000000000000,
0.0000000000000000000,
 0.0000000000000000000,
0.0000000000000000000,
 0.0000000000000000000,
0.0000000000000000000,
 0.0000000000000000000,
0.0000000000000000000,
 0.0000000000000000000,
0.0000000000000000000,
 0.0000000000000000000,
0.0000000000000000000,
 0.0000000000000000000,
0.0000000000000000000,
 0.0000000000000000000,
0.0000000000000000000,
 0.0000000000000000000,
0.0000000000000000000,
 0.0000000000000000000,
0.0000000000000000000,
 0.0000000000000000000,
0.0000000000000000000,
 0.0000000000000000000,
0.0000000000000000000,
 0.0000000000000000000,
0.0000000000000000000,
 0.0000000000000000000,
0.0000000000000000000,
 0.0000000000000000000,
0.0000000000000000000,
 0.0000000000000000000,
0.0000000000000000000,
 0.0000000000000000000,
0.0000000000000000000,
 0.0000000000000000000,
0.0000000000000000000,
 0.0000000000000000000,
0.0000000000000000000,
 0.0000000000000000000,
0.0000000000000000000,
 0.0000000000000000000,
0.0000000000000000000,
 0.0000000000000000000,
0.0000000000000000000,
 0.0000000000000000000,
0.0000000000000000000,
 0.0000000000000000000,
0.0000000000000000000,
 0.0000000000000000000,
0.0000000000000000000,
 0.0000000000000000000,
0.0000000000000000000,
 0.0000000000000000000,
0.0000000000000000000,
 0.0000000000000000000,
0.0000000000000000000,
 0.0000000000000000000,
0.0000000000000000000,
 0.0000000000000000000,
0.0000000000000000000,
 0.0000000000000000000,
0.0000000000000000000,
 0.0000000000000000000,
0.0000000000000000000,
 0.0000000000000000000,
0.0000000000000000000,
 0.0000000000000000000,
0.0000000000000000000,
 0.0000000000000000000,
0.0000000000000000000,
 0.0000000000000000000,
0.0000000000000000000,
 0.0000000000000000000,
0.0000000000000000000,
 0.0000000000000000000,
0.0000000000000000000,
 0.0000000000000000000,
0.0000000000000000000,
 0.0000000000000000000,
0.0000000000000000000,
 0.0000000000000000000,
0.0000000000000000000,
 0.0000000000000000000,
0.0000000000000000000,
 0.0000000000000000000,
0.0000000000000000000,
 0.0000000000000000000,
0.0000000000000000000,
 0.0000000000000000000,
0.0000000000000000000,
 0.0000000000000000000,
0.0000000000000000000,
 0.0000000000000000000,
0.0000000000000000000,
 0.0000000000000000000,
0.0000000000000000000,
 0.0000000000000000000,
0.0000000000000000000,
 0.0000000000000000000,
0.0000000000000000000,
 0.0000000000000000000,
0.0000000000000000000,
 0.0000000000000000000,
0.0000000000000000000,
 0.0000000000000000000,
0.0000000000000000000,
 0.0000000000000000000,
0.0000000000000000000,
 0.0000000000000000000,
0.0000000000000000000,
 0.0000000000000000000,
0.0000000000000000000,
 0.0000000000000000000,
0.0000000000000000000,
 0.0000000000000000000,
0.0000000000000000000,
 0.0000000000000000000,
0.0000000000000000000,
 0.0000000000000000000,
0.0000000000000000000,
 0.0000000000000000000,
0.0000000000000000000,
 0.0000000000000000000,
0.0000000000000000000,
 0.0000000000000000000,
0.0000000000000000000,
 0.0000000000000000000,
0.0000000000000000000,
 0.0000000000000000000,
0.0000000000000000000,
 0.0000000000000000000,
0.0000000000000000000,
 0.0000000000000000000,
0.0000000000000000000,
 0.0000000000000000000,
0.0000000000000000000,
 0.0000000000000000000,
0.0000000000000000000,
 0.0000000000000000000,
0.0000000000000000000,
 0.0000000000000000000,
0.0000000000000000000,
 0.0000000000000000000,
0.0000000000000000000,
 0.0000000000000000000,
0.0000000000000000000,
 0.0000000000000000000,
0.0000000000000000000,
 0.0000000000000000000,
0.0000000000000000000,
 0.0000000000000000000,
0.0000000000000000000,
 0.0000000000000000000,
0.0000000000000000000,
 0.0000000000000000000,
0.0000000000000000000,
 0.0000000000000000000,
0.0000000000000000000,
 0.0000000000000000000,
0.0000000000000000000,
 0.0000000000000000000,
0.0000000000000000000,
 0.0000000000000000000,
0.0000000000000000000,
 0.0000000000000000000
