1.000000,
0.000000,
0.999984,
-0.000000,
0.999934,
0.000000,
0.999849,
0.000001,
0.999728,
0.000000,
0.999571,
0.000000,
0.999375,
0.000000,
0.999140,
0.000001,
0.998866,
0.000000,
0.998550,
-0.000000,
0.998191,
0.000000,
0.997788,
0.000000,
0.997339,
0.000000,
0.996844,
0.000000,
0.996301,
0.000001,
0.995709,
0.000000,
0.995066,
-0.000000,
0.994371,
-0.000000,
0.993623,
-0.000000,
0.992819,
0.000000,
0.991958,
-0.000000,
0.991040,
0.000000,
0.990061,
0.000000,
0.989021,
0.000000,
0.987918,
0.000000,
0.986751,
-0.000000,
0.985517,
-0.000000,
0.984214,
0.000000,
0.982842,
0.000000,
0.981398,
0.000000,
0.979879,
0.000000,
0.978286,
0.000000,
0.976615,
-0.000000,
0.974864,
-0.000001,
0.973032,
-0.000001,
0.971116,
-0.000000,
0.969114,
-0.000000,
0.967024,
-0.000001,
0.964844,
-0.000000,
0.962572,
0.000000,
0.960205,
-0.000000,
0.957742,
-0.000001,
0.955180,
-0.000001,
0.952516,
-0.000000,
0.949748,
-0.000000,
0.946874,
-0.000000,
0.943891,
0.000000,
0.940796,
0.000000,
0.937587,
-0.000000,
0.934262,
-0.000000,
0.930818,
-0.000000,
0.927252,
-0.000000,
0.923561,
-0.000000,
0.919743,
-0.000000,
0.915794,
-0.000000,
0.911712,
0.000000,
0.907494,
-0.000000,
0.903137,
-0.000000,
0.898639,
-0.000000,
0.893995,
-0.000000,
0.889203,
-0.000000,
0.884261,
-0.000000,
0.879164,
-0.000000,
0.873909,
-0.000000,
0.868494,
0.000000,
0.862916,
-0.000000,
0.857170,
-0.000000,
0.851254,
-0.000000,
0.845165,
-0.000000,
0.838898,
-0.000000,
0.832452,
0.000000,
0.825821,
0.000000,
0.819003,
0.000000,
0.811995,
-0.000000,
0.804793,
-0.000000,
0.797394,
-0.000000,
0.789793,
-0.000000,
0.781989,
-0.000000,
0.773976,
0.000000,
0.765752,
0.000000,
0.757313,
-0.000000,
0.748655,
-0.000000,
0.739777,
-0.000000,
0.730672,
-0.000000,
0.721339,
-0.000000,
0.711774,
-0.000000,
0.701973,
0.000000,
0.691932,
0.000000,
0.681650,
0.000000,
0.671121,
-0.000000,
0.660344,
-0.000000,
0.649315,
-0.000000,
0.638030,
-0.000000,
0.626487,
-0.000000,
0.614682,
-0.000000,
0.602612,
0.000000,
0.590275,
0.000000,
0.577668,
0.000000,
0.564788,
-0.000000,
0.551633,
0.000000,
0.538199,
0.000000,
0.524485,
0.000000,
0.510489,
0.000000,
0.496208,
0.000001,
0.481641,
0.000000,
0.466784,
0.000000,
0.451639,
-0.000000,
0.436203,
-0.000000,
0.420474,
0.000000,
0.404451,
-0.000000,
0.388135,
-0.000000,
0.371524,
0.000000,
0.354618,
-0.000000,
0.337417,
-0.000000,
0.319923,
-0.000000,
0.302135,
-0.000000,
0.284053,
-0.000000,
0.265679,
-0.000000,
0.247016,
-0.000000,
0.228065,
-0.000000,
0.208828,
0.000000,
0.189308,
0.000000,
0.169509,
0.000000,
0.149433,
-0.000000,
0.129086,
0.000000,
0.108471,
0.000000,
0.087594,
0.000000,
0.066460,
0.000000,
0.045075,
-0.000000,
0.023446,
0.000000,
0.001581,
-0.000000,
-0.020512,
-0.000000,
-0.042826,
-0.000000,
-0.065350,
-0.000000,
-0.088075,
-0.000000,
-0.110991,
-0.000000,
-0.134086,
-0.000000,
-0.157348,
-0.000000,
-0.180764,
-0.000000,
-0.204319,
-0.000000,
-0.228001,
-0.000000,
-0.251794,
-0.000000,
-0.275681,
-0.000000,
-0.299645,
-0.000000,
-0.323668,
0.000000,
-0.347732,
0.000000,
-0.371815,
-0.000000,
-0.395898,
-0.000000,
-0.419958,
-0.000000,
-0.443973,
-0.000000,
-0.467918,
-0.000000,
-0.491769,
-0.000000,
-0.515499,
0.000000,
-0.539082,
0.000000,
-0.562488,
-0.000000,
-0.585689,
-0.000000,
-0.608654,
-0.000000,
-0.631351,
-0.000000,
-0.653748,
-0.000000,
-0.675811,
-0.000000,
-0.697506,
-0.000000,
-0.718795,
0.000000,
-0.739643,
-0.000000,
-0.760010,
-0.000000,
-0.779857,
-0.000000,
-0.799145,
0.000000,
-0.817832,
-0.000000,
-0.835875,
-0.000000,
-0.853232,
0.000000,
-0.869859,
0.000001,
-0.885711,
0.000001,
-0.900742,
-0.000000,
-0.914906,
0.000000,
-0.928156,
0.000000,
-0.940445,
-0.000000,
-0.951724,
-0.000000,
-0.961945,
0.000000,
-0.971061,
0.000001,
-0.979022,
0.000001,
-0.985779,
0.000000,
-0.991285,
0.000001,
-0.995490,
0.000001,
-0.998346,
0.000000,
-0.999808,
-0.000000,
-0.999827,
0.000000,
-0.998359,
0.000000,
-0.995358,
0.000000,
-0.990783,
-0.000000,
-0.984591,
0.000000,
-0.976743,
0.000000,
-0.967202,
0.000000,
-0.955930,
-0.000000,
-0.942896,
-0.000000,
-0.928071,
0.000001,
-0.911427,
0.000000,
-0.892941,
0.000000,
-0.872593,
0.000000,
-0.850368,
0.000000,
-0.826255,
-0.000000,
-0.800247,
-0.000000,
-0.772342,
-0.000000,
-0.742546,
0.000000,
-0.710868,
0.000000,
-0.677323,
0.000000,
-0.641935,
0.000000,
-0.604732,
0.000000,
-0.565750,
0.000000,
-0.525035,
-0.000000,
-0.482636,
0.000000,
-0.438615,
0.000000,
-0.393039,
0.000000,
-0.345987,
0.000000,
-0.297542,
0.000000,
-0.247803,
0.000000,
-0.196872,
0.000000,
-0.144866,
-0.000000,
-0.091908,
-0.000000,
-0.038133,
0.000000,
0.016314,
0.000000,
0.071278,
0.000000,
0.126597,
0.000000,
0.182093,
0.000000,
0.237584,
0.000000,
0.292875,
0.000000,
0.347764,
0.000000,
0.402039,
0.000000,
0.455478,
0.000000,
0.507854,
0.000000,
0.558933,
0.000000,
0.608473,
0.000000,
0.656227,
0.000001,
0.701943,
0.000001,
0.745368,
0.000000,
0.786245,
-0.000000,
0.824316,
-0.000000,
0.859324,
0.000000,
0.891016,
0.000000,
0.919141,
0.000001,
0.943454,
0.000001,
0.963719,
0.000001,
0.979711,
0.000000,
0.991214,
-0.000000,
0.998028,
0.000000,
0.999971,
0.000001,
0.996877,
0.000001,
0.988605,
0.000000,
0.975037,
0.000000,
0.956081,
0.000000,
0.931676,
0.000000,
0.901791,
0.000000,
0.866433,
0.000000,
0.825642,
-0.000000,
0.779498,
-0.000000,
0.728125,
-0.000001,
0.671689,
0.000000,
0.610399,
0.000001,
0.544513,
0.000000,
0.474338,
-0.000000,
0.400227,
-0.000000,
0.322585,
-0.000000,
0.241862,
-0.000000,
0.158561,
-0.000000,
0.073229,
-0.000000,
-0.013538,
-0.000000,
-0.101105,
0.000000,
-0.188792,
-0.000000,
-0.275884,
-0.000000,
-0.361634,
-0.000000,
-0.445268,
-0.000000,
-0.525993,
-0.000000,
-0.602996,
-0.000000,
-0.675465,
-0.000000,
-0.742586,
-0.000000,
-0.803555,
0.000000,
-0.857592,
0.000000,
-0.903945,
-0.000000,
-0.941909,
-0.000000,
-0.970831,
0.000000,
-0.990121,
-0.000000,
-0.999271,
-0.000000,
-0.997863,
0.000000,
-0.985577,
0.000000,
-0.962212,
0.000000,
-0.927686,
0.000000,
-0.882056,
0.000000,
-0.825522,
0.000000,
-0.758435,
0.000000,
-0.681302,
-0.000000,
-0.594795,
0.000000,
-0.499748,
0.000001,
-0.397161,
0.000001,
-0.288192,
0.000001,
-0.174151,
0.000001,
-0.056497,
0.000001,
0.063182,
0.000001,
0.183184,
0.000000,
0.301710,
0.000000,
0.416890,
0.000000,
0.526811,
0.000000,
0.629545,
0.000001,
0.723187,
0.000000,
0.805888,
0.000000,
0.875892,
0.000000,
0.931584,
0.000000,
0.971524,
0.000000,
0.994493,
-0.000000,
0.999531,
-0.000000,
0.985980,
0.000000,
0.953513,
0.000000,
0.902174,
-0.000000,
0.832398,
0.000000,
0.745034,
0.000000,
0.641355,
0.000000,
0.523058,
-0.000000,
0.392260,
-0.000000,
0.251476,
-0.000000,
0.103584,
0.000000,
-0.048214,
0.000000,
-0.200452,
0.000000,
-0.349471,
0.000000,
-0.491500,
0.000000,
-0.622749,
0.000000,
-0.739510,
0.000000,
-0.838269,
-0.000000,
-0.915821,
0.000000,
-0.969381,
0.000000,
-0.996703,
-0.000000,
-0.996186,
-0.000000,
-0.966968,
0.000000,
-0.909014,
0.000001,
-0.823173,
0.000000,
-0.711217,
0.000000,
-0.575852,
-0.000000,
-0.420698,
0.000000,
-0.250225,
0.000000,
-0.069666,
0.000000,
0.115123,
-0.000000,
0.297821,
0.000000,
0.471850,
0.000000,
0.630608,
0.000000,
0.767720,
-0.000000,
0.877309,
0.000000,
0.954270,
0.000000,
0.994539,
0.000000,
0.995342,
-0.000000,
0.955408,
-0.000000,
0.875135,
-0.000000,
0.756701,
-0.000000,
0.604092,
0.000000,
0.423057,
-0.000000,
0.220960,
-0.000000,
0.006550,
-0.000000,
-0.210368,
-0.000000,
-0.419352,
-0.000000,
-0.609803,
-0.000000,
-0.771514,
-0.000000,
-0.895242,
-0.000000,
-0.973279,
-0.000001,
-1.000000,
-0.000001,
-0.972332,
-0.000001,
-0.890124,
-0.000000,
-0.756367,
0.000000,
-0.577260,
-0.000000,
-0.362053,
-0.000000,
-0.122706,
-0.000000,
0.126675,
0.000000,
0.370598,
0.000000,
0.593115,
0.000001,
0.778865,
0.000000,
0.914178,
-0.000000,
0.988168,
-0.000000,
0.993725,
0.000000,
0.928314,
0.000000,
0.794507,
0.000000,
0.600165,
0.000000,
0.358220,
-0.000000,
0.086016,
-0.000000,
-0.195765,
-0.000001,
-0.464568,
-0.000000,
-0.697741,
-0.000000,
-0.874472,
-0.000000,
-0.977759,
-0.000000,
-0.996225,
-0.000001,
-0.925570,
-0.000001,
-0.769504,
0.000000,
-0.539982,
0.000001,
-0.256656,
0.000000,
0.054506,
0.000000,
0.363388,
-0.000000,
0.638524,
0.000000,
0.850322,
0.000000,
0.974390,
0.000000,
0.994597,
0.000000,
0.905492,
-0.000001,
0.713723,
-0.000000,
0.438151,
-0.000000,
0.108510,
0.000000,
-0.237397,
0.000000,
-0.557795,
-0.000000,
-0.811922,
-0.000001,
-0.965369,
0.000000,
-0.995082,
0.000001,
-0.893297,
0.000000,
-0.669736,
0.000000,
-0.351540,
0.000000,
0.019325,
0.000000,
0.391089,
0.000000,
0.709147,
0.000000,
0.924144,
0.000000,
0.999997,
-0.000000,
0.920574,
0.000000,
0.693767,
0.000000,
0.351964,
-0.000000,
-0.051589,
0.000000,
-0.450370,
-0.000000,
-0.775229,
-0.000000,
-0.966533,
0.000000,
-0.985711,
0.000001,
-0.823968,
0.000001,
-0.506137,
0.000000,
-0.088343,
-0.000000,
0.350769,
-0.000000,
0.724219,
-0.000000,
0.953943,
0.000000,
0.987813,
-0.000000,
0.812681,
-0.000000,
0.460103,
-0.000000,
0.002578,
-0.000000,
-0.459925,
-0.000000,
-0.821141,
0.000000,
-0.993184,
-0.000000,
-0.929096,
-0.000001,
-0.637404,
-0.000000,
-0.184015,
-0.000000,
0.320504,
-0.000000,
0.746589,
-0.000000,
0.978892,
-0.000001,
0.948715,
-0.000001,
0.656494,
-0.000000,
0.176691,
-0.000000,
-0.358375,
-0.000000,
-0.793384,
0.000000,
-0.995114,
0.000001,
-0.894964,
0.000000,
-0.515127,
0.000000,
0.031943,
-0.000000,
0.573709,
-0.000000,
0.930634,
-0.000000,
0.976644,
-0.000000,
0.686648,
-0.000000,
0.152668,
0.000000,
-0.440920,
0.000000,
-0.878575,
-0.000000,
-0.992230,
0.000000,
-0.729022,
-0.000000,
-0.180185,
0.000000,
0.444994,
0.000000,
0.895790,
-0.000000,
0.981007,
0.000000,
0.654067,
0.000000,
0.043390,
0.000000,
-0.591662,
0.000000,
-0.967889,
-0.000000,
-0.906198,
-0.000000,
-0.422596,
-0.000000,
0.265635,
-0.000000,
0.831267,
0.000000,
0.991493,
0.000000,
0.653966,
0.000000,
-0.022215,
0.000000,
-0.692471,
-0.000000,
-0.998463,
-0.000000,
-0.763036,
-0.000000,
-0.101664,
0.000000,
0.622789,
0.000000,
0.993247,
0.000000,
0.781281,
0.000000,
0.097958,
0.000000,
-0.650931,
-0.000000,
-0.998913,
-0.000001,
-0.712894,
-0.000000,
0.038793,
-0.000000,
0.770673,
0.000000,
0.987393,
0.000000,
0.525342,
-0.000000,
-0.309390,
-0.000000,
-0.928839,
-0.000001,
-0.874538,
-0.000001,
-0.168590,
-0.000000,
0.670597,
-0.000000,
0.996956,
-0.000000,
0.539112,
0.000000,
-0.355645,
-0.000000,
-0.965229,
-0.000000,
-0.772486,
-0.000000,
0.079632,
-0.000000,
0.868521,
-0.000000,
0.894250,
-0.000000,
0.113636,
-0.000000,
-0.776654,
-0.000000,
-0.945323,
-0.000000,
-0.212704,
-0.000000,
0.731537,
0.000001,
0.956663,
0.000000,
0.216978,
-0.000000,
-0.750551,
0.000000,
-0.937007,
0.000000,
-0.123658,
-0.000000,
0.829029,
0.000000,
0.868121,
0.000001,
-0.072953,
0.000000,
-0.935319,
-0.000001