3.8504480885408947000
 3.8615707004976070000
3.8956696907392168000
 3.9550767341390536000
4.0441907962834147000
 4.1704636395055079000
4.3463684703134504000
 4.5934888232520485000
4.9517816671359043000
 5.5035137394131235000
6.4485218537629212000
 8.4303490283075249000
15.3083313859549560000
 -46.2322502796853810000
-5.1205829717288402000
 -1.3212598663169937000
0.1592183517859404600
 0.9897245413214252900
1.5582651703360217000
 2.0060069092487378000
2.4001239535287286000
 2.7809424659006412000
3.1795780015886623000
 3.6273301355607686000
4.1640093227946871000
 4.8502637742586181000
5.7928816535275782000
 7.2091702545432259000
9.6320698920490244000
 14.8296340136854430000
34.3852191941738710000
 -85.5809706444709090000
-18.0722219034229920000
 -9.7693665361778663000
-6.5224803726297136000
 -4.7887669224655953000
-3.7091916071491067000
 -2.9717604668849256000
-2.4358262408188773000
 -2.0286321400570424000
-1.7087425973482864000
 -1.4508160269545924000
-1.2384758622066685000
 -1.0606638735159581000
-0.9096404228109137300
 -0.7798244688001989600
-0.6670887167667017800
 -0.5683142809546364300
-0.4810997829880372900
 -0.4035657845293503800
-0.3342199683455989200
 -0.2718621197666372700
-0.2155158316763915400
 -0.1643785486575494200
-0.1177844449166263200
 -0.0751764429059824930
-0.0360848469871574710
 -0.0001108343629634134
0.0330864397656651380
 0.0638000147946876230
0.0922832237778777880
 0.1187561966282260200
0.1434111232425356000
 0.1664165443700371700
0.1879208738482884800
 0.2080553084384380000
0.2269362461812239600
 0.2446673076201562000
0.2613410340613314700
 0.2770403216008930400
0.2918396377357677100
 0.3058060581146041500
0.3190001537390131900
 0.3314767532170627100
0.3432856001455403300
 0.3544719220864687200
0.3650769247113180300
 0.3751382223517964500
0.3846902143037461100
 0.3937644146917551000
0.4023897424422596100
 0.4105927768751770300
0.4183979835713999000
 0.4258279144655301400
0.4329033855205103300
 0.4396436348540501100
0.4460664637694833300
 0.4521883627997338500
0.4580246245799268800
 0.4635894451154364300
0.4688960148039227300
 0.4739566003879569500
0.4787826188654156200
 0.4833847042496399700
0.4877727679637029500
 0.4919560535512461600
0.4959431863066097200
 0.4997422183538375900
0.5033606696386172500
 0.5068055652467213800
0.5100834694135310000
 0.5132005165449098300
0.5161624395385060500
 0.5189745956593458900
0.5216419901947047000
 0.5241692980925982700
0.5265608837627606700
 0.5288208192015799700
0.5309529005845102800
 0.5329606634554375800
0.5348473966287130600
 0.5366161549052308500
0.5382697706984465000
 0.5398108646517791900
0.5412418553202851300
 0.5425649679868271800
0.5437822426695344500
 0.5448955413764475800
0.5459065546517227800
 0.5468168074601562600
0.5476276644428317300
 0.5483403345813937500
0.5489558752970453700
 0.5494751960114572200
0.5498990611897713900
 0.5502280928860139300
0.5504627728047972700
 0.5506034438925173600
0.5506503114670220400
 0.5506034438925173600
0.5504627728047972700
 0.5502280928860139300
0.5498990611897713900
 0.5494751960114572200
0.5489558752970453700
 0.5483403345813937500
0.5476276644428317300
 0.5468168074601562600
0.5459065546517227800
 0.5448955413764475800
0.5437822426695344500
 0.5425649679868271800
0.5412418553202851300
 0.5398108646517791900
0.5382697706984465000
 0.5366161549052308500
0.5348473966287130600
 0.5329606634554375800
0.5309529005845102800
 0.5288208192015799700
0.5265608837627606700
 0.5241692980925982700
0.5216419901947047000
 0.5189745956593458900
0.5161624395385060500
 0.5132005165449098300
0.5100834694135310000
 0.5068055652467213800
0.5033606696386172500
 0.4997422183538375900
0.4959431863066097200
 0.4919560535512461600
0.4877727679637029500
 0.4833847042496399700
0.4787826188654156200
 0.4739566003879569500
0.4688960148039227300
 0.4635894451154364300
0.4580246245799268800
 0.4521883627997338500
0.4460664637694833300
 0.4396436348540501100
0.4329033855205103300
 0.4258279144655301400
0.4183979835713999000
 0.4105927768751770300
0.4023897424422596100
 0.3937644146917551000
0.3846902143037461100
 0.3751382223517964500
0.3650769247113180300
 0.3544719220864687200
0.3432856001455403300
 0.3314767532170627100
0.3190001537390131900
 0.3058060581146041500
0.2918396377357677100
 0.2770403216008930400
0.2613410340613314700
 0.2446673076201562000
0.2269362461812239600
 0.2080553084384380000
0.1879208738482884800
 0.1664165443700371700
0.1434111232425356000
 0.1187561966282260200
0.0922832237778777880
 0.0638000147946876230
0.0330864397656651380
 -0.0001108343629634134
-0.0360848469871574710
 -0.0751764429059824930
-0.1177844449166263200
 -0.1643785486575494200
-0.2155158316763915400
 -0.2718621197666372700
-0.3342199683455989200
 -0.4035657845293503800
-0.4810997829880372900
 -0.5683142809546364300
-0.6670887167667017800
 -0.7798244688001989600
-0.9096404228109137300
 -1.0606638735159581000
-1.2384758622066685000
 -1.4508160269545924000
-1.7087425973482864000
 -2.0286321400570424000
-2.4358262408188773000
 -2.9717604668849256000
-3.7091916071491067000
 -4.7887669224655953000
-6.5224803726297136000
 -9.7693665361778663000
-18.0722219034229920000
 -85.5809706444709090000
34.3852191941738710000
 14.8296340136854430000
9.6320698920490244000
 7.2091702545432259000
5.7928816535275782000
 4.8502637742586181000
4.1640093227946871000
 3.6273301355607686000
3.1795780015886623000
 2.7809424659006412000
2.4001239535287286000
 2.0060069092487378000
1.5582651703360217000
 0.9897245413214252900
0.1592183517859404600
 -1.3212598663169937000
-5.1205829717288402000
 -46.2322502796853810000
15.3083313859549560000
 8.4303490283075249000
6.4485218537629212000
 5.5035137394131235000
4.9517816671359043000
 4.5934888232520485000
4.3463684703134504000
 4.1704636395055079000
4.0441907962834147000
 3.9550767341390536000
3.8956696907392168000
 3.8615707004976070000
0.0000000000000000000
 0.2124622561162169100
0.4314485198128036300
 0.6642962352062158300
0.9201994242688594800
 1.2118302430227401000
1.5582280562628663000
 1.9905507575151005000
2.5649098887057153000
 3.3953750711870985000
4.7576001774896373000
 7.5377350259525189000
17.0478863294259850000
 -67.6210181232011820000
-11.0104420334270440000
 -5.7656095973825252000
-3.7228926344795195000
 -2.5864611057645974000
-1.8239572474466543000
 -1.2434757028755588000
-0.7559689850439190700
 -0.3108628438893076800
0.1273651989812840700
 0.5905949741383934600
1.1156417795047009000
 1.7553133046130580000
2.5998105881776210000
 3.8302584012620939000
5.8885547106394434000
 10.2381345815958400000
26.4621884254565670000
 -72.7392416227131660000
-16.8505600364280710000
 -9.9435810932935880000
-7.2213283775264054000
 -5.7527250610373359000
-4.8269290883077485000
 -4.1856769623824643000
-3.7124776143624603000
 -3.3470220130305837000
-3.0549273399016523000
 -2.8151374497464090000
-2.6140232975904767000
 -2.4423645360998445000
-2.2936938718581099000
 -2.1633363560169352000
-2.0478253876876953000
 -1.9445335525958565000
-1.8514313416616155000
 -1.7669248339676171000
-1.6897437146447201000
 -1.6188622839976321000
-1.5534426285585656000
 -1.4927930088861403000
-1.4363369023530883000
 -1.3835896397685847000
-1.3341405415316614000
 -1.2876390951141325000
-1.2437841421890790000
 -1.2023153346974129000
-1.1630063208531660000
 -1.1256592639489462000
-1.0901003979735759000
 -1.0561763970627136000
-1.0237513891395795000
 -0.9927044834624916300
-0.9629277111698662000
 -0.9343243000116909800
-0.9068072212528502900
 -0.8802979595968181100
-0.8547254669051587200
 -0.8300252682133142400
-0.8061386945914330600
 -0.7830122221698696500
-0.7605969004283788000
 -0.7388478558734827800
-0.7177238596494776000
 -0.6971869495848772600
-0.6772020987654185900
 -0.6577369240156912800
-0.6387614287334526500
 -0.6202477753902164700
-0.6021700837339594200
 -0.5845042513255682700
-0.5672277935398796200
 -0.5503197005759504800
-0.5337603093729144100
 -0.5175311886204787500
-0.5016150352996287000
 -0.4859955814037448800
-0.4706575096648970600
 -0.4555863772650903300
-0.4407685466422397400
 -0.4261911226120878000
-0.4118418951238824700
 -0.3977092870499499000
-0.3837823064819261300
 -0.3700505030671692500
-0.3565039279737973700
 -0.3431330971194990200
-0.3299289573392076800
 -0.3168828552039362200
-0.3039865082327164500
 -0.2912319782689918300
-0.2786116468136575800
 -0.2661181921334737600
-0.2537445679752938800
 -0.2414839837390906900
-0.2293298859752254700
 -0.2172759410819482500
-0.2053160190953615700
 -0.1934441784685749800
-0.1816546517533719200
 -0.1699418320946701800
-0.1583002604675138900
 -0.1467246135834301400
-0.1352096924035617300
 -0.1237504111973732900
-0.1123417870942216000
 -0.1009789300754480000
-0.0896570333593695870
 -0.0783713641362442370
-0.0671172546096514560
 -0.0558900933045918260
-0.0446853166074535620
 -0.0334984004978429170
-0.0223248524425699590
 -0.0111602034132977370
0.0000000000000000000
 0.0111602034132977370
0.0223248524425699590
 0.0334984004978429170
0.0446853166074535620
 0.0558900933045918260
0.0671172546096514560
 0.0783713641362442370
0.0896570333593695870
 0.1009789300754480000
0.1123417870942216000
 0.1237504111973732900
0.1352096924035617300
 0.1467246135834301400
0.1583002604675138900
 0.1699418320946701800
0.1816546517533719200
 0.1934441784685749800
0.2053160190953615700
 0.2172759410819482500
0.2293298859752254700
 0.2414839837390906900
0.2537445679752938800
 0.2661181921334737600
0.2786116468136575800
 0.2912319782689918300
0.3039865082327164500
 0.3168828552039362200
0.3299289573392076800
 0.3431330971194990200
0.3565039279737973700
 0.3700505030671692500
0.3837823064819261300
 0.3977092870499499000
0.4118418951238824700
 0.4261911226120878000
0.4407685466422397400
 0.4555863772650903300
0.4706575096648970600
 0.4859955814037448800
0.5016150352996287000
 0.5175311886204787500
0.5337603093729144100
 0.5503197005759504800
0.5672277935398796200
 0.5845042513255682700
0.6021700837339594200
 0.6202477753902164700
0.6387614287334526500
 0.6577369240156912800
0.6772020987654185900
 0.6971869495848772600
0.7177238596494776000
 0.7388478558734827800
0.7605969004283788000
 0.7830122221698696500
0.8061386945914330600
 0.8300252682133142400
0.8547254669051587200
 0.8802979595968181100
0.9068072212528502900
 0.9343243000116909800
0.9629277111698662000
 0.9927044834624916300
1.0237513891395795000
 1.0561763970627136000
1.0901003979735759000
 1.1256592639489462000
1.1630063208531660000
 1.2023153346974129000
1.2437841421890790000
 1.2876390951141325000
1.3341405415316614000
 1.3835896397685847000
1.4363369023530883000
 1.4927930088861403000
1.5534426285585656000
 1.6188622839976321000
1.6897437146447201000
 1.7669248339676171000
1.8514313416616155000
 1.9445335525958565000
2.0478253876876953000
 2.1633363560169352000
2.2936938718581099000
 2.4423645360998445000
2.6140232975904767000
 2.8151374497464090000
3.0549273399016523000
 3.3470220130305837000
3.7124776143624603000
 4.1856769623824643000
4.8269290883077485000
 5.7527250610373359000
7.2213283775264054000
 9.9435810932935880000
16.8505600364280710000
 72.7392416227131660000
-26.4621884254565670000
 -10.2381345815958400000
-5.8885547106394434000
 -3.8302584012620939000
-2.5998105881776210000
 -1.7553133046130580000
-1.1156417795047009000
 -0.5905949741383934600
-0.1273651989812840700
 0.3108628438893076800
0.7559689850439190700
 1.2434757028755588000
1.8239572474466543000
 2.5864611057645974000
3.7228926344795195000
 5.7656095973825252000
11.0104420334270440000
 67.6210181232011820000
-17.0478863294259850000
 -7.5377350259525189000
-4.7576001774896373000
 -3.3953750711870985000
-2.5649098887057153000
 -1.9905507575151005000
-1.5582280562628663000
 -1.2118302430227401000
-0.9201994242688594800
 -0.6642962352062158300
-0.4314485198128036300
 -0.2124622561162169100
