-0.000246466973307404380381
-0.000257058153952730884806
-0.000267852376083739843714
-0.000278848014130291335395
-0.000290043412189755066711
-0.000301436884276367494419
-0.000313026714575111750065
-0.000324811157700176909597
-0.000336788438957818798535
-0.000348956754613499113126
-0.000361314272163639122783
-0.000373859130611510959066
-0.000386589440747727548179
-0.000399503285434270024104
-0.000412598719893602652008
-0.000425873772001568744097
-0.000439326442584110177063
-0.000452954705718501310537
-0.000466756509038451447308
-0.000480729774043158831001
-0.000494872396410304363386
-0.000509182246312990570772
-0.000523657168740439228280
-0.000538294983822577475206
-0.000553093487158332172866
-0.000568050450147495190716
-0.000583163620326451487968
-0.000598430721707392688363
-0.000613849455120981778861
-0.000629417498562722418746
-0.000645132507542495203280
-0.000660992115437739448727
-0.000676993933849902979581
-0.000693135552963949799592
-0.000709414541911390986173
-0.000725828449136434183941
-0.000742374802764952457582
-0.000759051110977014640430
-0.000775854862381931791038
-0.000792783526396545956336
-0.000809834553626296010237
-0.000827005016479418213378
-0.000844292399684216563448
-0.000861693962297291077973
-0.000879207519349565753790
-0.000896830606292370519951
-0.000914560617457420180036
-0.000932394939409795522021
-0.000950330145135798659908
-0.000968363652261728432430
-0.000986493870416987363170
-0.001004717706932397843292
-0.001023031907192391938219
-0.001041433520835964880377
-0.001059918333921908541531
-0.001078484263350487897676
-0.001097131106485038122555
-0.001115855822896980606776
-0.001134655067169986408446
-0.001153525833189302136905
-0.001172462746145976585088
-0.001191463539030089904824
-0.001210528521575891195555
-0.001229653457242464199839
-0.001248833972545504824095
-0.001268066836338023559844
-0.001287346030944115735789
-0.001306670713384211089322
-0.001326044033586222525845
-0.001345462478234210005473
-0.001364921961352328965908
-0.001384419401200355070197
-0.001403947004309895546861
-0.001423503401307294261025
-0.001443092196221406947262
-0.001462707684114046601323
-0.001482343896409423367883
-0.001501997262074041212046
-0.001521658997159235126098
-0.001541329945729402696106
-0.001561018162981811594620
-0.001580719005451095048390
-0.001600426752429982531559
-0.001620137747264375170653
-0.001639840054158899201181
-0.001659533240959165309447
-0.001679225780094679943907
-0.001698909474862097309517
-0.001718575813042138569417
-0.001738220883238968464402
-0.001757832001282754689347
-0.001777413205894363230561
-0.001796981108870749016884
-0.001816530172918258065340
-0.001836053028206590959776
-0.001855546100969280047185
-0.001874991818146556042668
-0.001894391957370858631596
-0.001913763400445717350121
-0.001933094219078762944844
-0.001952371751088317246639
-0.001971591133508525817836
-0.001990732734723165819196
-0.002009804639232581381647
-0.002028836303186756957750
-0.002047819199635771657275
-0.002066741968245199272819
-0.002085599397647635785957
-0.002104363866464917329907
-0.002123038773052568408545
-0.002141656108608005863736
-0.002160193401985224109785
-0.002178650646852310288071
-0.002197100181585840122239
-0.002215545322873906618211
-0.002233997294597634634267
-0.002252512775407125578120
-0.002271084235897617015221
-0.002289697495631168311370
-0.002308348238336822063482
-0.002326992230335647639933
-0.002345636961785811918507
-0.002364335091887104656899
-0.002383059367500853405197
-0.002401777408339792006103
-0.002420481296469335560917
-0.002439120835745634506553
-0.002457725215561644069306
-0.002476388038523011109887
-0.002495096792016959427740
-0.002513824202962545214385
-0.002532563995185590013937
-0.002551237665126821711065
-0.002569862176748079294480
-0.002588529198865224204701
-0.002607204708313793153907
-0.002625903544976697194524
-0.002644652241452187611120
-0.002663357382819441822319
-0.002682077768945555391877
-0.002700990984759503010099
-0.002720080964349028736921
-0.002739304102402109492714
-0.002758655373345787926997
-0.002777994211574553225924
-0.002797354088144676613481
-0.002816920275909736998826
-0.002836608936946066750195
-0.002856315381971199791195
-0.002876017350068455803724
-0.002895540250865111069067
-0.002914985933496467337273
-0.002934692173913021166765
-0.002954618495522655461510
-0.002974672349547704403028
-0.002994836388163061007689
-0.003014822856790041159802
-0.003034692715285814378079
-0.003054821576197478284059
-0.003075036975773717210642
-0.003095121043661491679749
-0.003115026552830101047586
-0.003134381587923124566630
-0.003153407009312833488707
-0.003172856999323092966336
-0.003192677074181121416735
-0.003212699465407274201229
-0.003232930466243453312275
-0.003252752234661576008490
-0.003272333004524452526596
-0.003292602137318153317919
-0.003320269042237326741901
-0.003304711076429482207589
-0.003420487550441270088036
-0.003251340209110052757030
-0.003584912526799995547561
-0.003124212365394540055069
-0.003828847287553868109639
-0.002919708816343597780618
-0.004162233757091324953814
-0.002624368876514831822738
-0.004590024995279484536226
-0.002224985208498653308645
-0.005131027312387591299281
-0.001711802423610083541058
-0.005793668047548087077225
-0.001056010597142914564373
-0.006582539562981265003627
-0.000234976000909099206476
-0.007544827674531218685006
0.000757194386676767958178
-0.008720778667682640289405
0.001970902451662621870238
-0.010138872132781624399445
0.003469767034384306069600
-0.011922003963521898145528
0.005312362257699466960847
-0.014175872428213980719347
0.007741878411391960208843
-0.016967048402318281319356
0.011132527622877856632311
-0.020848192373691246115364
0.015790261142472020172711
-0.026938866176260060913972
0.022937652698806623025041
-0.036784302584078124032096
0.037342227429314402142868
-0.058280896935618831111725
0.076024313726628725551571
-0.143980728536788726845685
0.728082494018491122034220
0.237970012870303948560036
-0.103533767075396146428723
0.060247255710942151929466
-0.050463121397402915802033
0.032216167410018210770506
-0.033695329369048628020966
0.020139485155768181712244
-0.025059431512164685729172
0.013873386608442287576404
-0.019754002642556618696279
0.009542481621659180957007
-0.016326611617777823243225
0.006337530512015954013705
-0.013776899870088468724738
0.004050819830981249730639
-0.011728523641398560378724
0.002270204818660716099277
-0.010133366902617161123268
0.000794764071458374694867
-0.008868968359376058069321
-0.000398997416385291590879
-0.007837809458992562108848
-0.001390087024006881905730
-0.007015577619665579536812
-0.002220276175892969654224
-0.006352129597957790682616
-0.002881661855444548302196
-0.005808607090930152649921
-0.003407793875226339860157
-0.005385612678886601140116
-0.003828076689473194384183
-0.005070665067894677101312
-0.004145689362711976050369
-0.004847538747370397534120
-0.004379015634691152056290
-0.004712663762996634371494
-0.004540915438734295823953
-0.004652076696329012460429
-0.004630109663243057137316
-0.004651249751958585337830
-0.004665394596828225520779
-0.004680794442367049515430
-0.004696775982777783887967
-0.004711948254015364823122
-0.004727073109189153417298
-0.004742686793247647553118
-0.004758683560921983871084
-0.004775558722168340812508
-0.004792573046976490898363
-0.004808558546605749481340
-0.004823964457800355813688
-0.004839205211282189729449
-0.004854379777355794130245
-0.004870103716509556306125
-0.004886055325702584085923
-0.004901543144255646883289
-0.004916988313857641006155
-0.004932681595725597716029
-0.004948569941235951910596
-0.004964940370103728198292
-0.004981413514183588575612
-0.004997395911011140619273
-0.005013218498363051188471
-0.005029153041388873847384
-0.005045234863004479514137
-0.005061780962750018694751
-0.005078563686805636148702
-0.005095163362300794175630
-0.005111852321606605992210
-0.005128773401208694404652
-0.005145833017303346954008
-0.005163170876841822153069
-0.005180512958333885302487
-0.005197510780670710171802
-0.005214462139426147280208
-0.005231559633244853464717
-0.005248793293927931334630
-0.005266339500191771771931
-0.005283981621397228906067
-0.005301426655830962161864
-0.005318913911782591902311
-0.005336513770461495144437
-0.005354097115942725408633
-0.005371740626847271854460
-0.005389230281813557794923
-0.005406402529712437364517
-0.005423662684238703991790
-0.005441226963863027982216
-0.005459079670442402477948
-0.005477344256857489580848
-0.005495779567909565843653
-0.005514157925462338273592
-0.005532762852866687959541
-0.005551593202321697222146
-0.005570408940823876921267
-0.005589195137828795179047
-0.005607676876016320921536
-0.005625776219564306707133
-0.005644076146800337985543
-0.005662808378698096396786
-0.005681865682401294678772
-0.005701280568914344863696
-0.005720650610907099947733
-0.005739786042782277913910
-0.005759160427978922414116
-0.005778663368486858069317
-0.005797828007635823927002
-0.005816560516785329072731
-0.005834457505405319516223
-0.005851582811874294492993
-0.005869095184512246148045
-0.005887471317833689946064
-0.005906564765821411926161
-0.005926491516117842785205
-0.005946596391844896981049
-0.005966525452713128570281
-0.005987196830756719677369
-0.006013243041797716910424
-0.006009839632319117531944
-0.006094824775533118181581
-0.005986475530134898435930
-0.006216935070677524419192
-0.005911004323123434343878
-0.006393720557477299004656
-0.005787935547078430428836
-0.006636205215138133925445
-0.005609083241227442485910
-0.006945098954647333650003
-0.005360796669473259952465
-0.007329886486899921289873
-0.005035260556090048744693
-0.007789329543063451197216
-0.004603042678986386110340
-0.008315982218629992123171
-0.004043586020002066898360
-0.008949458648879495686890
-0.003376824644759184035347
-0.009737227302605542395009
-0.002586172992882989664365
-0.010705454665798681476718
-0.001634342316323020294355
-0.011926896194805096731995
-0.000532081956234856275068
-0.013445941650243896370309
0.000899541451264545058319
-0.015225883668599046738557
0.002997229744981190144304
-0.017545058393836000798505
0.005875631396828276051258
-0.021152317990151235649332
0.010108406548569009997252
-0.026964402852416486516818
0.018770426174254405821129
-0.038828994447044060112084
0.039613508611200609621505
-0.079129941091737612812729
0.202370408344005936474019
0.302029874472056980572177
-0.091964099809837787646849
0.046605757795759782113887
-0.044096713667454101592824
0.023221426552125955938832
-0.031587259054992364304404
0.014344855828547067866374
-0.026360714661668331604272
0.010500172667311827648384
-0.023728521404794210986067
0.008477566946798095401383
-0.022768895928169261000384
0.007902838841710665279683
-0.022871491815121179624892
0.008713684848006806454856
-0.024327666114116699991321
0.010946892246841498363974
-0.027895315141319560608979
0.016939335319913366439959
-0.036212149366212101342377
0.032129841338336975753442
-0.065083630091308575238429
0.141081103195745960476870
0.314640482887267869394066
-0.076803882352858537929663
0.033987300734293866832925
-0.034979853792971471460049
0.013647444299289348407234
-0.024245248627843735828025
0.005823770372712590639996
-0.019516530778398134826634
0.002154259721728966903154
-0.016539073590622614673418
-0.000318830751700975752183
-0.014754637885885836176558
-0.002179273976247306753018
-0.013457896366009162655852
-0.003463995955157260671353
-0.012313936977940743294768
-0.004447587066043327298781
-0.011408683974180364173456
-0.005308629707518679533007
-0.010744362056834967644736
-0.006041211182109150999719
-0.010228412485696477055019
-0.006671864225665280305477
-0.009846574687018076407763
-0.007220331993471597493983
-0.009558953804806312112841
-0.007662003454675138380825
-0.009316288970418683604291
-0.008009171478868173238430
-0.009131440280913160137399
-0.008294511147289599858889
-0.009011180133343966655590
-0.008525417817282514645894
-0.008942389297349985152752
-0.008713023357339281724232
-0.008928660619223285216384
-0.008866212076656857996038
-0.008959748479089858080870
-0.008977078307152863353990
-0.009017724721503105056453
-0.009054964370984080676563
-0.009093196668834978291240
-0.009133299446731886830908
-0.009173312764727931459263
-0.009212103428351730086132
-0.009251794990069157550994
-0.009292556131698100768679
-0.009333163400114788746387
-0.009373312834538677709717
-0.009410650267257594098202
-0.009444072921617401722427
-0.009476973351737418352347
-0.009511097817600957030071
-0.009546192389246860657281
-0.009583145811645840325688
-0.009620061201783564747148
-0.009655305222989248037369
-0.009692194427437418255411
-0.009740197409798973318673
-0.009733495907232311838975
-0.009891069600877806441974
-0.009687939635448977737653
-0.010111386461566625183384
-0.009537066416704834126428
-0.010429553722624086697923
-0.009299908959748883624519
-0.010873521959047748042249
-0.008963323325048415737837
-0.011441005381887305383803
-0.008494588005459990931456
-0.012150617505541153051674
-0.007887227971517748320585
-0.012996729397546662523877
-0.007071360072245664804558
-0.013942284631202910352710
-0.005986728021336435411059
-0.015067057961787908015872
-0.004706529203574655491338
-0.016488107686553531150420
-0.003215581023769556109904
-0.018252486473316682780155
-0.001428020066978265278923
-0.020555274182839696622827
0.000609540683361192714429
-0.023528644122764473534115
0.003304612424400584294593
-0.026948010078945597994826
0.007504942571498151443476
-0.031280450975780652034253
0.013209228043846074282519
-0.038191381888842704239728
0.021185462748007595490396
-0.049181297842019348898202
0.037984295297590189854908
-0.070391926565333773346822
0.075788210460379756838734
-0.138300009598176232294975
0.336768705881359098341932
0.733383071191681557010611
-0.171934309495120812849578
0.089021936127138212579979
-0.075873622975096713383358
0.040376857594525347727732
-0.050032711705700547155651
0.020924188897944073078916
-0.038176501904909329598858
0.011712024034209188999567
-0.030273094589950078764362
0.005219444601472776265605
-0.025325491671842313007312
0.000164402212593303329036
-0.021499578755161702359189
-0.003484755950549270342442
-0.017969078194458372454978
-0.006503941951618734396146
-0.014868685984050399734313
-0.009323117772758609395067
-0.011924222330218989251982
-0.012207362050472929035361
-0.008930257028083338211033
-0.015770975212436044027298
-0.005493058521200694897801
-0.020227053787766971493234
0.000742610321537697827543
-0.028496357147725630276636
0.015463984816610383543622
-0.056881123268094913036919
0.232521365955090597577026
0.080377749720174945791129
-0.046623732735664280557586
0.012099515210623898453512
-0.028435874150212887140343
0.001557826982732954043676
-0.022564491139665722452268
-0.003307924935135516178453
-0.019454062915321087418041
-0.005561652536664746758477
-0.017551108165038242781009
-0.007197379151114013939861
-0.016423788335127208898312
-0.008457195640679426862363
-0.015506102790925655604548
-0.009286307381865253549047
-0.014649451128379372202848
-0.009961991823881959084996
-0.013958534496286740742010
-0.010626908108293814034240
-0.013393036625008762283140
-0.011247176053334143747131
-0.012867781788891960448318
-0.011852331242237132066797
-0.012373971303994821605010
-0.012442776853803183545466
-0.011846849805691669205165
-0.012935340803080553478965
-0.011253230427065979285528
-0.013351311331289203790385
-0.010677992670227844443365
-0.013788526620524897692288
-0.010166056362597557585770
-0.014279810419081915423556
-0.009689403729872468964968
-0.014912231724579757055626
-0.009317218602402657645634
-0.015731699576598350692747
-0.008849957806335850829527
-0.016505176411432898042619
-0.007767683857312301931586
-0.017264497132991846878314
-0.006199277717590392922098
-0.018790935811127052607050
-0.004195676162888373542104
-0.021591801558913957526098
0.001101810707515089426262
-0.026954982953249842503318
0.012566138131865536853304
-0.045484535753091769050283
0.088167516927496372702855
0.457165800817463607863544
-0.078799416371343453113774
0.035323118295983398085003
-0.045070768595203605788591
0.018468844309081612620194
-0.038409561402134861918256
0.014484991881667866331362
-0.039020584737579182277312
0.016518194497233955331250
-0.043079015605094660157359
0.025660049251392841318520
-0.056401433960290382751968
0.051651570062105293945631
-0.108175848181834344252650
0.331353526418053767610417
0.252532928815801471778002
-0.097287051282903602711372
0.046078509458941374621332
-0.051772257247189826245837
0.022065570542326023995017
-0.039647411054992344470183
0.014423710447085031499670
-0.036840845008558019413325
0.017541458300637309541958
-0.046624842379209087417369
0.222929374342242581086282
0.019260814369069970131143
-0.018581136150373794846402
-0.008202640599605997423494
-0.013022060439074775034518
-0.011316231718810902673322
-0.011863568129174502374656
-0.012451961174605419638284
-0.011464879234702572349813
-0.012448358198787824388520
-0.011483714920475182955095
-0.012500291015998463151071
-0.011806123302314237843991
-0.012515449299655716577928
-0.012052010812101998649126
-0.012304001257129030047488
-0.012137663515416187084983
-0.012063671857793788894098
-0.012214765434159897961042
-0.011899270353360474547499
-0.012321618252932060172400
-0.011754648857598644362543
-0.012435570109412647302194
-0.011635794716383407107485
-0.012590947624701972346051
-0.011540792555771393554376
-0.012761290726873044179546
-0.011405745427080438841871
-0.012912457780644205976306
-0.011212669105461462240592
-0.013084188048089575792665
-0.010944109238759026914156
-0.013300811097692049819741
-0.010534847644542735117801
-0.013547542740365544136627
-0.009988314277249953770932
-0.013907295133014802371307
-0.009368280358586483086425
-0.014437146453238158469445
-0.008666683172684173930289
-0.015159254828279448978900
-0.007862808474576070058570
-0.016235854377675707632678
-0.006953791753791605488588
-0.017650315595999575835062
-0.005616844480275363926669
-0.019150242435599026946669
-0.003427311075260808595488
-0.021128761014968855391771
-0.000498461215307111071837
-0.024479766879320560835076
0.003693016816315673397919
-0.029286341319403087768425
0.012861528782252398817043
-0.040248044602911509093346
0.035060366634956777187604
-0.080682792845097800471521
0.353489352938817114058168
0.129748263337741281953086
-0.058858282382333398929930
0.022699435711624582623358
-0.031755478263748797285171
0.005900044039270507106876
-0.022700869466581424793716
-0.002746171647692885811609
-0.017417109745152415528624
-0.007523395554165283535819
-0.013340108594891443224983
-0.011520009523271687590373
-0.009537438975582870209768
-0.015326268671004866783747
-0.005315983302430130237604
-0.019782033722621737703573
-0.000029907009882012766666
-0.025547780098949042504319
0.009966802583716219757215
-0.037593750227844870137606
0.032953068526252897452178
-0.079719533368126385686203
0.333566391453819277579385
0.146739355646975710989466
-0.067113145672693996779401
0.028819159236807154189641
-0.037983949379473844198962
0.011427522371162145142787
-0.028596610903252633884009
0.003336057306613359613179
-0.023522492272204886115672
-0.000315362736502775020675
-0.020260272397612542893963
-0.003053913158541799593992
-0.018282566959479801260713
-0.005099973327150002233576
-0.016696834906978250123721
-0.006317033565699276161098
-0.015280502541907818592204
-0.007189030521725226288710
-0.014220644649635596351578
-0.007961488357601872664637
-0.013458497559738078624969
-0.008596099573418756328858
-0.012892153354432358408621
-0.009106924743635756019922
-0.012502078662048176499466
-0.009492874985349135721902
-0.012241539451975530852779
-0.009708457724776076158690
-0.012069754295584734019031
-0.009770221017913680028322
-0.012004782950107286548791
-0.009705909091938814611811
-0.012068945265021445087394
-0.009510406525958779028196
-0.012236909970486849544291
-0.009153361927417703880483
-0.012485089732237426504713
-0.008624734310613859505912
-0.012868841846926699565290
-0.007971094069874444520973
-0.013440992447239412735382
-0.007204324971842743230432
-0.014215430991139600333528
-0.006341293274248894010214
-0.015320009523278943497360
-0.005406120310378704878207
-0.016761527327330334735667
-0.004099882145173269244742
-0.018295795281678951110793
-0.001954505072246466232389
-0.020268947960405400005035
0.000927518981868897390841
-0.023601667540356838920212
0.004998992260499933101836
-0.028581468466523925892053
0.014077660535673764546916
-0.039539139949940120544181
0.035630345565003246344205
-0.078593749876776614060603
0.267442379260032669918701
0.172732573126060801049775
-0.069319962462359607791029
0.031215195286777429328762
-0.037234478835085876857747
0.012530674238111076321256
-0.027433287844626053769703
0.004047578835611728709232
-0.022458506059384673869683
0.000182389718597391475852
-0.019194097983456396422364
-0.002690290450021428671212
-0.017138791600406284160174
-0.004842063509693417429347
-0.015385072414132901219563
-0.006190586093783837992599
-0.013719452373678633211318
-0.007279716338040816137056
-0.012362256848575930295864
-0.008378376680244522048402
-0.011270865803019929768380
-0.009513741501217365392762
-0.010342707123642583613710
-0.010713255404481730748145
-0.009407758667778806649373
-0.011831438213329364267379
-0.008207698417940837570805
-0.013002613743059943107738
-0.006809153115730487773605
-0.014666928635854050919085
-0.005046163932143476332781
-0.016710902266455510134513
-0.001285366851327794310289
-0.021082809351971355804611
0.007550956028403336267596
-0.036294668296279142261085
0.149645322068847064223007
0.040760136271164607024708
-0.027218168619310229017216
0.002011662865965772178933
-0.017820157978079072258470
-0.004241329891338627318398
-0.014561315101144521599874
-0.007472582527080674427711
-0.012296901126997092368320
-0.009052853802630603935464
-0.010496816860229877740873
-0.010803485975773744615092
-0.009070391176389150378334
-0.012835732959379262535515
-0.006334445475751116633178
-0.015330707133450426765675
-0.001423735574447516222252
-0.022010988241485486549553
0.027013208162923119798338
0.151478114673747776830481
-0.030517210490441232240144
0.004319042071413859568141
-0.018805372101247608274122
-0.002973074975037306999504
-0.015408098134527418998641
-0.006005503160965903509949
-0.013932905355951041848073
-0.007257433482959362372466
-0.012633449820239556551926
-0.008193753033138566344018
-0.011835556880249923847326
-0.009015899005287117060070
-0.011200628083736414303262
-0.009571397329589590580179
-0.010528831797904923336939
-0.010016198103929245880050
-0.009992835580096469383360
-0.010534060681675993034756
-0.009601725208660540425432
-0.011050146937583809475525
-0.009147732382188135738521
-0.011443414199230589334277
-0.008521515745086354065574
-0.011921919039364533773884
-0.007836091737086152420044
-0.012777725335941238563042
-0.006927897752629033449601
-0.013751648663065703034891
-0.004517297791587234108424
-0.016427520749097597463351
0.001748230054111508599557
-0.026081100699003705034595
0.140780193812375636897016
0.025143549531807609515033
-0.022114048225727229307624
0.000249967027731477081653
-0.016889589660449080832372
-0.003599217837536473375837
-0.014051339954857643838038
-0.006670343006986149958504
-0.008707127133486383674388
-0.013966067080667360356117
0.130040860551771247921593
0.031569174491752657885080
-0.033351777353293775296716
0.014983126577379934918355
-0.034722068222660641689803
0.021815464190440003733329
-0.050305622603685477833846
0.096145423035449040227718
0.082214256067161914365293
-0.016038970962374672624140
-0.022243473073681074847485
0.087871114338643738217449
0.093068356364381613077263
-0.044815533608164426215836
0.014362167338897113832985
-0.027491781678701074365101
0.004145634799349951285508
-0.021525184156934950435724
-0.000702743608403800026907
-0.018546788599831443011823
-0.003104096083927200891428
-0.016532819185860872512883
-0.004753621006884285217498
-0.015184979550558933003579
-0.005995291080186282775544
-0.014179220455790161881104
-0.006827243693203971855454
-0.013358604556146029887498
-0.007392704478537840372121
-0.012777892510798517095028
-0.007816322990393809178045
-0.012460475954831341099949
-0.008099509674811555121066
-0.012343222419404146009136
-0.008208952972432195793751
-0.012376249000564613217401
-0.008119412866714775800503
-0.012566033773966858375082
-0.007833553575876405633549
-0.012895228001221189714776
-0.007311338776003716705132
-0.013333435336942475041289
-0.006525956847307149213955
-0.014004225144407633774080
-0.005605536844704675503159
-0.015029613537525021715879
-0.004515879316192947245945
-0.016328669535359590508916
-0.003032847245944664781037
-0.018032141900867954681376
-0.001334001494420776479100
-0.020446997060343190255605
0.000771067877385438887883
-0.023247837570828620845642
0.004916752202851068336009
-0.026468521421758321038320
0.010823332831848206381231
-0.032489484121457815057887
0.027651978277823119345413
0.107078224991282222600120
0.019726251863843975720147
-0.045054328021989040187201
0.050826604117572352081744
-0.096363884614663997130179
0.309099673227715698864415
0.225192816222265168590866
-0.035579225626736668552930
0.177278357970394123688251
-0.068116121062594722768146
0.035561675480972151919268
-0.042263999914337158081423
0.016655191565660646541014
-0.032196947987137229663102
0.008832860727300108696913
-0.026228405586919120717759
0.004165120862929723791201
-0.022409930590124520211059
0.000578409011207229803442
-0.019703905620146448807173
-0.001804257876102416391362
-0.017282134495235929733115
-0.003514515824147596695370
-0.015292719848582750699628
-0.005068809553474922652283
-0.013782729724940471008332
-0.006489247981829969827428
-0.012542835540778844022336
-0.007787382078998338064135
-0.011462885362843724598725
-0.008956072590026169233379
-0.010433470857098826184428
-0.009961891965606215273987
-0.009408896923779816456879
-0.010894835349838816185297
-0.008415330413875134196733
-0.011833650051652044865591
-0.007441406456993284596058
-0.012887340172169210045228
-0.006531589677233505357445
-0.014137856196104071210273
-0.005486578540364633015114
-0.015383705637760206746956
-0.003845540287233240386855
-0.016796949662563964017492
-0.001786851345779993938123
-0.019233318978163188583963
0.000819658049494085064191
-0.022915972926822267968783
0.007271723767557553008700
-0.029967137943664911431396
0.021549850538870058552776
-0.053161022211776341739320
0.132094861788018963499880
0.197767733748501983725987
-0.060733591217629015468482
0.026544732610881666134972
-0.032864799083269800872298
0.011451124453971875741254
-0.025305376901354339341799
0.013568466427798825391093
0.116914052217351571716364
-0.004303965244754244523495
-0.011825268647600270174869
-0.005407503140090001367279
-0.013222673835226239624774
-0.006269309817714428106905
-0.013187041808851883081810
-0.007081278057951315499374
-0.012234776770344317139982
-0.007297405628129929877623
-0.011556252558018998560785
-0.007820991694552782702576
-0.011206375224305769461308
-0.008322976761436116574511
-0.010827162827350383933478
-0.008648819671690481311610
-0.010485288469113222820095
-0.008943429917076237134488
-0.010204345004311558137156
-0.009158391974968243393063
-0.009900119318086604558449
-0.009317097192025945370797
-0.009646955697200166116034
-0.009510854824592514938919
-0.009468447339012727240193
-0.009711664992406445276463
-0.009351211175110618611939
-0.010004815362445554707826
-0.009332771144634292512232
-0.010328969804402803392418
-0.009178335514672033429440
-0.010331184211504694167583
-0.008722408523778557923323
-0.010344045627972362974556
-0.008440668453973012089198
-0.010923376759855897219498
-0.008291006796881383866804
-0.010652403764050020693044
-0.006778769074999578189700
-0.011003411037843417036308
-0.003269173055745295316393
-0.006514988604087459944658
0.253399006018215799951321
0.000699387953717406363197
-0.006162585073041576197439
-0.009745568238217698631143
-0.006915593702146578987400
-0.011250382000187806111335
-0.006663402840950719344115
-0.013335111811694333461276
-0.005130180121211654238611
-0.014676337908430904521939
-0.002003905034876038958325
-0.018445518887381311817775
0.005105284232099258079352
-0.030786051235770304362882
0.100582486830011863521150
0.041868320359817565168292
-0.026062585382730818484021
0.003066276572476073214446
-0.017395446556328457432539
-0.002512920821195409066401
-0.014501880162616505309803
-0.005262527557839223081582
-0.012837116169799251894079
-0.006443903067940591478102
-0.011691234182551092299351
-0.007448249608626198586814
-0.010921482143174860574009
-0.008261430307253441601700
-0.010189761125852393047753
-0.008827294766647630214207
-0.009456364189662178412754
-0.009380580093790301388079
-0.008849418841579588523860
-0.010121600928842204233926
-0.008383915963909782317898
-0.010972675323983261536087
-0.007766809334999152068801
-0.011643975791133687192058
-0.006720451955623256423689
-0.012446399640133750177928
-0.005549254096662454074917
-0.014000793093420126761428
-0.004073575766811651788224
-0.015572675030912854973741
0.000092007198838706637234
-0.019762695366109687966638
0.010241615368072682495937
-0.033470290917578332523519
0.223152409839736221019990
0.044167489428610408330744
-0.025400081212538061503636
0.004733069793994574420148
-0.017874923494632224962864
-0.001337652903219294000386
-0.015406472714073166097037
-0.004617132797836699838190
-0.013688087202745703729878
-0.005669104641261134801267
-0.012629002241996749311692
-0.006716762676630023964908
-0.012150710773629051775213
-0.007537285526926106385415
-0.011641665961062372738888
-0.007828074520457655241512
-0.011079749131343692714058
-0.007985275263420126001801
-0.010724359876170848696053
-0.008191642305998277778789
-0.010560398541251798942842
-0.008357098394305418481709
-0.010511636958635540289864
-0.008488340945825168654126
-0.010575431128574983713486
-0.008569823080188483307995
-0.010678763730604523898848
-0.008491287833262875506257
-0.010752797319389065244799
-0.008249918236421608166986
-0.010875610474056216989136
-0.007956023063602038133957
-0.011130008595275716135053
-0.007618118535485243064675
-0.011518089467299196318462
-0.007214913323564864019999
-0.012129910470661477497889
-0.006826374932143433257870
-0.012976201594626275009903
-0.006237896568663192642390
-0.013785557678070246151458
-0.005028735237868878563128
-0.014680142950553374051048
-0.003503717606873936463163
-0.016387401089214381766368
-0.001738384256497653782003
-0.019020464643402811011352
0.002926870676887142509737
-0.023666806361089184895796
0.012387093615658005540947
-0.037840668601376095669941
0.078844181005461880240581
0.190110915401502683641510
-0.045402381159478845396027
0.016446220356560868613993
-0.024768137761598769258642
0.003482045664883382310451
-0.018825110694703418856566
-0.002200105835387638347767
-0.015596793773985781136893
-0.004317640040999485250006
-0.012551343496069056887565
-0.006544467182532305235543
-0.002063764500229492426797
0.109718645316594948235789
-0.018492664775172459878938
0.000198053103224777801716
-0.016574516655945056159416
-0.002512979192609603867892
-0.015848899149459312607480
-0.003316912879498142702195
-0.016460379167044313086787
-0.001774787627635447846697
-0.017730740132055076985207
0.001931357138599060913053
-0.023515328532147376783268
0.030699807370018900032349
0.088968203303393361691676
-0.025223733937958819906200
0.001632245282067640995693
-0.016119400252345199298087
-0.004065781472780761671149
-0.013602703143518714984372
-0.006329338781799995726496
-0.012684935996354444742718
-0.007063162799872050104377
-0.012039834020371613376721
-0.007641728835667203380277
-0.011810061800908147264244
-0.007964481394458183816099
-0.011519443163374186445136
-0.008025451519104567776886
-0.011285067877573346645237
-0.008308065026471954730991
-0.011200669960614287670730
-0.008334812292311566048197
-0.010131307047221803710468
-0.009049070532943110853341
-0.007001098766181141838660
-0.012053617598825814433150
0.091606468509807373323817
0.015284225840389973130606
-0.021570478813348059610178
0.004477434024208814394852
-0.022831187196333202482634
0.008808776234931505605408
-0.031322036190728180793386
0.100467022233373948214563
0.011389433429988809337585
-0.003718828658552532362425
-0.022257177591378941861056
0.062603063189160437773673
0.058648633588046991671483
-0.030422813130720059715539
0.005638713848822619889578
-0.019585188356971764550574
-0.001116753954826095636410
-0.015874911091199064155921
-0.004965706926229490961178
-0.012906961171470904964353
-0.007608284898274441689081
-0.008294267379141894228067
-0.013204728681041728866052
0.020493263298797761984282
0.094355310619738771982234
-0.035709053045977934282007
0.013225232012135485284987
-0.029272076865471098605642
0.012671188835092900976109
-0.032677352700202430546561
0.022984912914465284450305
-0.052442650079714638045036
0.159422864918270651424237
0.101900280610113636026171
-0.040667882551547206160247
0.012969970373939800067919
-0.023600926275491974221099
0.002067177650753816188500
-0.018224569756327781144822
-0.002740058326058558701988
-0.015440684466521151230189
-0.004423327361016359503265
-0.013598396026428555966037
-0.005780004315589533717135
-0.012561909582453205033725
-0.006939482948692723626727
-0.011855468910716027847174
-0.007848095059394787076368
-0.011155876594468639578794
-0.007976282565057701487432
-0.009826650000733726589286
-0.008099097553124986331730
-0.008031672462325733369282
-0.004533872313449909680072
0.095577704058151760624362
-0.007882369299235407467119
-0.004360166460896216546195
-0.012356686876719678164216
-0.002385278853013976518849
-0.017316545650752218632462
0.021350244782746947980190
0.086753964711730219283581
-0.025703734532983767147041
0.004354831219882815060429
-0.018347091571354112726766
-0.000200191654627571505309
-0.017315092201781151493023
-0.001400301318970060063251
-0.017540289738987795142844
0.001549793578405758015526
-0.020096506362943054174730
0.009959633948088613547567
-0.030655983207406624357905
0.186818862660519169338613
0.037907673366137054071778
-0.021757041802619246639861
0.002715337581120327165030
-0.015720532567408070784287
-0.002294525622121996663583
-0.013873009984021956314537
-0.004955851174294456304437
-0.012497612515345014883028
-0.005469981993751317841945
-0.011579366040900774745270
-0.006036455008992422724412
-0.011238155517761328275328
-0.006511223812879288197486
-0.010890043943487406549742
-0.006561183188524980294809
-0.010482962277431699324448
-0.006631207209619916116694
-0.010475050390754431922646
-0.006922810029962183503427
-0.010647749315357191504661
-0.006859591732881091703800
-0.010315597522237046276827
-0.006165745059065177481605
-0.010192698508504412224784
-0.005685942237268318093235
-0.011315488794824803478467
-0.005208692108342069700122
-0.011508772999533791250859
-0.001037012990827858045090
-0.014595034443940172602661
0.010565229735379329245593
-0.021883611732816957151648
0.377407889811239294353129
0.055741432425117212745569
-0.026993219905635718047776
0.014893538504682647671817
-0.024978662336510734642836
0.012372602770584439912938
-0.027724784365928369783694
0.017850688166480298268990
-0.036101142591688957506069
0.115918648594253048678127
-0.023976912943152295376592
0.137407120796544851559773
0.101233200081676397164010
-0.039655780051394619312166
0.016328266898841505699869
-0.023032483382507545899287
0.005316833617479526687133
-0.017277828469360212437778
0.000569815713255001493609
-0.014385756847103614228245
-0.001348323355915588030174
-0.012596102088685974876303
-0.002987626739423549469821
-0.011676166941732915582897
-0.004192967495789331165701
-0.010867980010585538697132
-0.004767377075361008825771
-0.009980043116351457188618
-0.005126113118857657940941
-0.009291769189967930345220
-0.005488134859188411804332
-0.008813205111232876379224
-0.005818829211889336994190
-0.008438743645349088690066
-0.006139645609845966259255
-0.008166039756189196266445
-0.006428910290725799690781
-0.007927130931074255135171
-0.006616310949383493074383
-0.007657399613529708437554
-0.006722184474035378630441
-0.007401921753798975170402
-0.006787824691151243469700
-0.007195392099700217806990
-0.006818943938912066203561
-0.007029968649906690250639
-0.006831856888432291143032
-0.006914223939745813007907
-0.006827290340592128033148
-0.006830171916816820711083
-0.006783677586038683836323
-0.006747870584737998035652
-0.006706977810746856186186
-0.006664729146644532767341
-0.006623724067508752165467
-0.006582090766124011962934
-0.006539801094407608934855
-0.006499630919406631721080
-0.006461067922369910510039
-0.006423491695166814660634
-0.006386892721253586285846
-0.006348481108150582676031
-0.006307036669870616681088
-0.006264002847650033782567
-0.006219443646490611758704
-0.006173911667551266677090
-0.006128873616041100036433
-0.006084031094454412334771
-0.006039623931210057888874
-0.005997051828265228742842
-0.005956149815676758767224
-0.005916410389548759120315
-0.005877747515569962596937
-0.005839048649959694033129
-0.005799577696345488420082
-0.005759654853570757813974
-0.005719122681936326946239
-0.005677931468108490982438
-0.005636821553935711728855
-0.005596366203368533139006
-0.005557000646354074736843
-0.005519251255319352657269
-0.005482984719304274771889
-0.005447437633235182458113
-0.005412179405681456778598
-0.005377153786783681575778
-0.005341901299413370426961
-0.005305836592502059106957
-0.005268626532263512990406
-0.005229689710386262006814
-0.005189315607929296213230
-0.005149393018802290826474
-0.005111018114109847597371
-0.005074156854818638422155
-0.005038891319258992709806
-0.005004016508486214959150
-0.004968544694732257051284
-0.004933899023245010354022
-0.004901587722452032877540
-0.004858832779660413915546
-0.004842828439758732443632
-0.004761956431597881046758
-0.004786246130291083554498
-0.004639245601942674698814
-0.004747934383724175359809
-0.004510325503068419311647
-0.004741131947542983303412
-0.004371868043549562501959
-0.004756887094134957215397
-0.004208718433435192432523
-0.004801301761964828045126
-0.004021164317974988168525
-0.004868186437153423744284
-0.003768539869629526379430
-0.004925307301437763067564
-0.003425344076898583726282
-0.005015705924118958082547
-0.003057798236988495260702
-0.005196978499408193286069
-0.002671680475502137726285
-0.005463547432175177610836
-0.002234077821427616142302
-0.005893141281138460779720
-0.001822785068637529631158
-0.006505237514877153584547
-0.001260825508250665218796
-0.007054134341020491458241
-0.000170973856733850574502
-0.007648738733352341070959
0.001126603963718425267110
-0.008940498409047970690411
0.002465535012789874663719
-0.010922465428081135768723
0.006179488153016939738782
-0.014116799294428789696143
0.013168213870059671671831
-0.023208329263684029236670
0.060801776292559638059654
0.151686310637920929167421
-0.025609003296824278672617
0.013904780514300121851967
-0.011618974062003366645723
0.003501163866215889659828
-0.006605505382267819192155
-0.001558076875051096071845
-0.002583700453327613267424
-0.005189551817845082168357
0.004150974553617008122597
-0.013811716791867857667686
0.066413506554174037144200
0.038597333360742995533865
-0.016714473402397345136450
0.007987813116557867382239
-0.010334930190613610817563
0.003699645398423340864058
-0.007899372558370166066966
0.001459555614634068000657
-0.006460946352971966288870
0.000564583047905879362172
-0.005451551584475412305653
-0.000250556947365226934110
-0.004898604707625259582771
-0.000938353918770302303232
-0.004427556303390851530355
-0.001296217020972394726522
-0.003911804667100895853415
-0.001522001007817269224026
-0.003492601331434477211074
-0.001738966659172361001878
-0.003174643276672309191028
-0.001918079041891346345899
-0.002913009275147283687335
-0.002088315684697376363455
-0.002717373015064033711652
-0.002251540938722161426522
-0.002548343514936263123211
-0.002365975185284781203560
-0.002369456763076368838866
-0.002440873122160617646886
-0.002180396050942210329354
-0.002497286495222344505918
-0.001973102830946284018399
-0.002549800690012863323142
-0.001769391323138464920325
-0.002633211675315548158660
-0.001581371439573760022401
-0.002750410426279077148737
-0.001387974909500555315695
-0.002921914890584773744076
-0.001214599907633245922181
-0.003163539273331205693707
-0.000986828463854223835242
-0.003373862116233095238826
-0.000522835204887216273978
-0.003590175488746800112894
0.000030596298614715342068
-0.004125858381752860702674
0.000577448130792196888394
-0.004972157345904197264796
0.002260190016293274917897
-0.006313858513412476045068
0.005476742602521853311992
-0.010297053564578342865765
0.027820176931916150431245
0.072765205912257296949619
-0.012936126145756478983406
0.007407334130699749427662
-0.006796237368702064650383
0.002876922152420762716224
-0.004805922616113517641112
0.000978413171959537347061
-0.003970651810642908223492
0.000405732076723458543605
-0.003223007925913372838378
-0.000067249822562458596090
-0.002881039780027219634334
-0.000486098775894154610036
-0.002623710961519054064850
-0.000672194568529783454194
-0.002295996201179307388829
-0.000761714010299400145695
-0.002041212869365933123278
-0.000868796901835369858244
-0.001875218416899662038366
-0.000966777241791717768457
-0.001740892966806495065213
-0.001056453030080491215653
-0.001645505539823296971974
-0.001141976996960344849924
-0.001570707566330527358428
-0.001194759291151523345267
-0.001486551834939750602743
-0.001218198845188605931866
-0.001408668330929755893588
-0.001231196579476033286724
-0.001346036359768571812057
-0.001233275943751368976947
-0.001291615537157260809598
-0.001228840471496243013858
-0.001251325510899399138728
-0.001222655555320358499935
-0.001222701010673774013604
-0.001207252426888918983572
-0.001195831948084253313139
-0.001183438123308679437717
-0.001171606847387857315568
-0.001160831117974508389784
-0.001149820802034710745879
-0.001138378698466883508916
-0.001127405642656200118051
-0.001116919233890263565140
-0.001107170181026215704731
-0.001098163685914576312777
-0.001088679156087615220935
-0.001078353068365621317617
-0.001067770410612305662448
-0.001057043929035804798525
-0.001046501174160815138270
-0.001036328663346573189172
-0.001025884366515144099918
-0.001015103735429661886008
-0.001004488456438554699543
-0.000994084602902190958562
-0.000984092033629524291782
-0.000974568658377479579702
-0.000964888341028235065402
-0.000954882085443023854825
-0.000944872753001853716952
-0.000934892969827930088098
-0.000925122190165768342254
-0.000915676427266909494750
-0.000906155207865738904043
-0.000896487299685439073191
-0.000886939306424623413912
-0.000877523968821027045527
-0.000868358896202466360413
-0.000859470159837923369621
-0.000850463889821284776092
-0.000841232055936725654777
-0.000831967676864102606907
-0.000822690645002314632772
-0.000813531032632219342285
-0.000804558371232559697665
-0.000795499198165216083248
-0.000786302936556740588586
-0.000777148186688495791995
-0.000768050699826710084848
-0.000759099981039887839601
-0.000750325707147896808248
-0.000741471319937113534579
-0.000732472577193044624248
-0.000723469022301133075740
-0.000714476951848803032083
-0.000705584628648007984239
-0.000696835748609872908735
-0.000688032041553213440793
-0.000679131624195005931255
-0.000670256618450051195289
-0.000661414724361574228768
-0.000652666639937879151760
-0.000644032060976021327077
-0.000635325407840304882956
-0.000626500025020068911259
-0.000617658254679216071718
-0.000608811956961662374341
-0.000600024177440853785474
-0.000591326690042990070137
-0.000582574352460080201535
-0.000573739227488493730781
-0.000564918602070288672183
-0.000556125799208605524002
-0.000547413501387264346716
-0.000538805471610702695247
-0.000530171216029572123229
-0.000521483951180430529287
-0.000512829677468933618767
-0.000504222680405443709345
-0.000495712052733307453195
-0.000487322151461186251799
-0.000478940495177789362161
-0.000470543477444175311467
-0.000462205303756253477881
-0.000453934132816842072881
-0.000445766583257544909968
-0.000437718218021540246641
-0.000429684769230852302378
-0.000421642710781365906425
-0.000413658573195551694524
-0.000405741161139157454577
-0.000397924247307813354693
-0.000390223577825447517919
-0.000382547396434617672199
-0.000374875007440010025051
-0.000367266548172128014065
-0.000359729370165066280642
-0.000352292160486294156450
-0.000344969040047022050977
-0.000337678742112703538826
-0.000330404742304594436445
-0.000323204874719189392141
-0.000316088240883107690626
-0.000309080679536930566075
-0.000302194084468387674965
-0.000295352532459957283720
-0.000288537312838562677846
-0.000281797828254587553933
-0.000275138905718525590607
-0.000268580428602641964071
-0.000262132340282180515637
-0.000255726739037642129652
-0.000249349194280299151644
-0.000243049327180560595027
-0.000236834922929409765965
-0.000230724875070536725175
-0.000224728346470196547763
-0.000218781907506462912696
-0.000212870079948770463477
-0.000207037477720979775590
-0.000201290405187602158355
-0.000195645547312195199974
-0.000190113667279207069214
-0.000184640649648231200278
-0.000179217398274921928302
-0.000173891462456800114560
-0.000168672681261357792701
-0.000163576507196531105957
-0.000158611202756078572109
-0.000153722699026084347546
-0.000148896955316981912179
-0.000144173694881382622075
-0.000139557740776460387959
-0.000135059578924354888648
-0.000130686699892861685982
-0.000126391185124321989630
-0.000122163835191760344499
-0.000118047449566442547966
-0.000114050158631039613038
-0.000110181507291390881837
-0.000106446752639791788835
-0.000102797185763979297916
-0.000099218859047442228166
-0.000095748269016717368809
-0.000092389742344609976582
-0.000089149691985000695900
-0.000086034620454199462131
-0.000083003145510850728545
-0.000080048002753361561222
-0.000077211332506982630714
-0.000074502088693850318404
-0.000071926606469320118926
-0.000069488818914617103456
-0.000067144835602487261406
-0.000064880175074955308452
-0.000062730314263747949930
-0.000060693397558297924009
-0.000058734404152139980937
-0.000056833805483195431736
-0.000054968225287352073403
-0.000053133017838699241671
-0.000051347122709930393856
-0.000049611495102437607200
-0.000047931393753195697198
-0.000046309149520575669241
-0.000044723750537985959813
-0.000043173602825363460841
-0.000041679562744994326290
-0.000040234648983528648145
-0.000038822535262900174046
-0.000037441231708915342935
-0.000036077112814952672179
-0.000034722897909979547840
-0.000033387092824254038174
-0.000032071127058026512957
-0.000030778136690722193030
-0.000029512810989996422133
-0.000028266538309633410669
-0.000027037543694059272195
-0.000025837434290723686984
-0.000024669012211597967971
-0.000023533429927794357342
-0.000022431367115941168276
-0.000021349669559854841027
-0.000020281537848656231777
-0.000019234366044810540316
-0.000018209392229582619082
-0.000017208438779960555289
-0.000016235530809763164912
-0.000015283200904938829668
-0.000014350178640440439207
-0.000013447988051898318034
-0.000012580181789419077348
-0.000011747879880302813078
-0.000010952237619481440105
-0.000010182006058495197316
-0.000009431264381392829408
-0.000008707390957935477556
-0.000008011734863328739238
-0.000007345013048244924537
-0.000006710335838069536035
-0.000006100507745335397846
-0.000005513703574006918440
-0.000004960486960721404734
-0.000004443817218388071649
-0.000003963370817909717990
-0.000003519323911206570097
-0.000003100661203669491237
-0.000002701010501051811664
-0.000002327100178959868043
-0.000001979886097983319866
-0.000001658894323847718579
-0.000001366626848406926437
-0.000001096575505647099915
-0.000000847213705146852611
-0.000000629662535511475683
-0.000000447711357266775068
-0.000000301144847701008188
-0.000000190583428152394089
-0.000000106492012144791113
-0.000000042879495592791500
-0.000000007575944423692084
0.000000000457895561040837
-0.000000000121220286125728
0.000000000049677636786346
-0.000000000027300730423702
0.000000000015695946185252
-0.000000000011641011361811
0.000000000007435861187100
-0.000000000006686210470204
0.000000000004321126752662
-0.000000000004456193660494
0.000000000002920563998035
-0.000000000003263086651297
0.000000000002216067531980
-0.000000000002619001446541
0.000000000001766047066336
-0.000000000002167810003129
0.000000000001535658343352
-0.000000000001867848044605
0.000000000001440364217358
-0.000000000001706179970823
0.000000000001380301511822
-0.000000000001524461360250
0.000000000001444438021549
-0.000000000001402986218488
0.000000000001569307967889
-0.000000000001407489809600
0.000000000001669891160661
-0.000000000001426589243145
0.000000000001881682626228
-0.000000000001548336278129
0.000000000002207489608261
-0.000000000001838060821133
0.000000000002648896644970
-0.000000000002253853416248
0.000000000003450347929979
-0.000000000003078914637351
0.000000000004828611020056
-0.000000000004829347759663
0.000000000007473392860691
-0.000000000008782811981166
0.000000000014201416738828
-0.000000000020886827825978
0.000000000039117545092020
-0.000000000084169835584369
0.000000000270695871925083
-0.000000002143963439350902
-0.000000020722674263601479
-0.000000061035123175575490
-0.000000116958012983959117
-0.000000189402567680846416
-0.000000286422846298109693
-0.000000409472293317651629
-0.000000557869300049619938
-0.000000730980906393286664
-0.000000920847638211744100
-0.000001124958621053556792
-0.000001348947353133751213
-0.000001592554389739338044
-0.000001854743277044469838
-0.000002136383443657159678
-0.000002432481018743475514
-0.000002743993590168374210
-0.000003080130855733807265
-0.000003442940800492355140
-0.000003831774730798820591
-0.000004246437236502902610
-0.000004679471933254416918
-0.000005128494610599702543
-0.000005599759329504083182
-0.000006092927242296943566
-0.000006606023524955310163
-0.000007139479374881585045
-0.000007687889724255465249
-0.000008251704258851058160
-0.000008840404632146680653
-0.000009455690286437593812
-0.000010095742501461938391
-0.000010759779248772433896
-0.000011439685086179816024
-0.000012132396347326171706
-0.000012844437478648917876
-0.000013575129728431433799
-0.000014321474803686877003
-0.000015083774352705962610
-0.000015856614457835441483
-0.000016640736145496482342
-0.000017447150151298042645
-0.000018278342612928252364
-0.000019132344264227669144
-0.000020008841280128299655
-0.000020899793131545612841
-0.000021802162720918884741
-0.000022723546764621553639
-0.000023663238623209876025
-0.000024617127672244858345
-0.000025585178572032296564
-0.000026561350712696933055
-0.000027546044850514913921
-0.000028551390674732922127
-0.000029579883490255329129
-0.000030628412304324612102
-0.000031696309258796132621
-0.000032774679005608739469
-0.000033859928807179736157
-0.000034960795946918161092
-0.000036076586823532710510
-0.000037202228318023084809
-0.000038337979695751209903
-0.000039477874036231779225
-0.000040623094447332774447
-0.000041788636447113544528
-0.000042978437342705643842
-0.000044189367825507817878
-0.000045421551869137252787
-0.000046665882449552417157
-0.000047918740253895146313
-0.000049190719019759667743
-0.000050481069830169600810
-0.000051783035658609795056
-0.000053096341646095828067
-0.000054413697316582645643
-0.000055735659954541733529
-0.000057079129509366264433
-0.000058447925777924472635
-0.000059836945123830849490
-0.000061245447945757053028
-0.000062662272160776002843
-0.000064082415484250832460
-0.000065518032102195107222
-0.000066967875580705837207
-0.000068423114458343009645
-0.000069883351106455617562
-0.000071340480690545166466
-0.000072795629897055166521
-0.000074269938549377962364
-0.000075768929704994397115
-0.000077286831548081712999
-0.000078823555974972671725
-0.000080366688836184065926
-0.000081910614586453323483
-0.000083470419332776495287
-0.000085044542801831295143
-0.000086621275047211023033
-0.000088199395531474286333
-0.000089768502840674682555
-0.000091328985863489223489
-0.000092905970583762278905
-0.000094505424278580534383
-0.000096118909742027577392
-0.000097745598877165828524
-0.000099370022315599013628
-0.000100984923333945143982
-0.000102609191186265447495
-0.000104241303202054372366
-0.000105866812966105654486
-0.000107485159681012815841
-0.000109085073108619381456
-0.000110668721776408922894
-0.000112269837222322589197
-0.000113898238198279107281
-0.000115545003595912852885
-0.000117211113235172472661
-0.000118879106485363791814
-0.000120541051074166675377
-0.000122221925317632352202
-0.000123920128732025981114
-0.000125616322827235753299
-0.000127308771152076380612
-0.000128981917034815126658
-0.000130636659492538894896
-0.000132314564816393925948
-0.000134026301365041951123
-0.000135757659410197203172
-0.000137507733413859927060
-0.000139252186632162226667
-0.000140978844669501380410
-0.000142719078382883110719
-0.000144469978757559444843
-0.000146205182247422828257
-0.000147922358704848902651
-0.000149601882399805425142
-0.000151245918792051927543
-0.000152911300636573348286
-0.000154614353985255435558
-0.000156337767019966005508
-0.000158082237442939152819
-0.000159817102552816314373
-0.000161526902286507931077
-0.000163254377023828192673
-0.000164995415847056552594
-0.000166712619144498405471
-0.000168400727017262310343
-0.000170030657680638624431
-0.000171602085531251082528
-0.000173189789709933485064
-0.000174813397457836643524
-0.000176445784746035930343
-0.000178085424064499471715
-0.000179688233327608297201
-0.000181231327987331806376
-0.000182774353577343288925
-0.000184312912877966070041
-0.000185796218062108525748
-0.000187220163775631470498
-0.000188548517044049825315
-0.000189786351669610778769
-0.000191047451792550625248
-0.000192368441161968472966
-0.000193718540206333175203
-0.000195103835630619975921
-0.000196468434334718490076
-0.000197785015667600535833
-0.000199145508677699481764
-0.000200547127254902879997
-0.000201915768229909368264
-0.000203243911286553872618
-0.000204474587292779574205
-0.000205609620035291409653
-0.000206813318822813961171
-0.000208135093706844067837
-0.000209521436305937696970
-0.000210974526393937149944
-0.000212402359123225423785
-0.000213755717785423020273
-0.000215171077562348312100
-0.000216641681332611804427
-0.000218050052908791024055
-0.000219384092201797018060
-0.000220555926804034035981
-0.000221571433927201133941
-0.000222699920288589370060
-0.000224032592507119742049
-0.000225495000213536906167
-0.000227102114279077081866
-0.000228713079314695833313
-0.000230251546833586822911
-0.000231946883692493656566
-0.000233789277716490680788
-0.000235574896358747186897
-0.000237269927885783285309
-0.000238704654951504716218
-0.000239862678964118978620
-0.000241186813816561128505
-0.000242816722493170841432
-0.000244598257351956590525
-0.000246533659184839748588
-0.000248343344227063076834
-0.000249859021532436215065
-0.000251480836865557318659
-0.000253182109912531241348
-0.000254573257688431103200
-0.000255585668498108607976
-0.000255894139469846587480
-0.000255473016560346666021
-0.000255228471808343184216
-0.000255507719765311403556
-0.000256077241253543517931
-0.000257027312121489519801
-0.000257858617687544366091
-0.000258266267737338752440
-0.000259164990203225337629
-0.000261220688727930531320
-0.000259096807257565265280
-0.000268379241795868659758
-0.000250814928202964333628
-0.000277217113136966496114
-0.000232603231656346051649
-0.000294450733052788096028
-0.000211851802281810472611
-0.000324152581164654184347
-0.000186020680857722561915
-0.000362049817485650654147
-0.000149440566597367093232
-0.000411952448352975123674
-0.000104447280095448270798
-0.000468711002298089146959
-0.000035835892170578528999
-0.000517911934688539371367
0.000065488540798209159393
-0.000579269480044568860558
0.000172096472956650406363
-0.000673338178800364376211
0.000284388486991229679293
-0.000793853339832544988540
0.000413857225677621560871
-0.000980894865102198594553
0.000524279505070126021146
-0.001238703024098840614273
0.000697619797105235132928
-0.001447960497611057700124
0.001091343187805915828162
-0.001688597012403484070447
0.001536759102561574639317
-0.002264154500142643439142
0.001968206772398726697726
-0.003046632806405841480818
0.003529258227206239460771
-0.004430773364354531618226
0.006712288513031167309919
-0.008288874170824000672808
0.032998398208583350210699
0.048006517160125487808653
-0.014402852610332727775755
0.008403923249902300884884
-0.005959543081098924756367
0.004411791782430023525774
-0.003759203668915139882195
0.002806029836647438210212
-0.002753777015571666573340
0.001913451174161349011699
-0.002157582196383248974991
0.001353866670947929170404
-0.001735061341263734700779
0.000984554433887902067518
-0.001403738180997639480030
0.000727780504411173231709
-0.001137682562946164830167
0.000533304064656331465281
-0.000929285514521510972417
0.000371190351203428510127
-0.000771683911179144510148
0.000228755631617739909212
-0.000653663898468195966526
0.000104826420164706360762
-0.000562110599923432326108
0.000002278073143941838734
-0.000486652282853994094455
-0.000077751454557027578803
-0.000422280259321994734089
-0.000137775325537470083115
-0.000368546560923419723541
-0.000182446516573078455986
-0.000326670937535429269701
-0.000215911998488705508294
-0.000296933502216345209315
-0.000240267183899254042163
-0.000277877810960562262373
-0.000255864408193828796970
-0.000267184865997380097472
-0.000262679152412698656022
-0.000262972869401557841820
-0.000262199240661390841484
