-0.000199762152,
-0.000163172839,
-0.000063151419,
0.000064210023,
0.000171501197,
0.000216977107,
0.000180229112,
0.000070888434,
-0.000073196233,
-0.000198369343,
-0.000254407933,
-0.000213998025,
-0.000085146849,
0.000088842774,
0.000243041467,
0.000314303634,
0.000266315574,
0.000106634624,
-0.000111864668,
-0.000307409134,
-0.000399028031,
-0.000339116227,
-0.000136099631,
0.000143019331,
0.000393481867,
0.000511100020,
0.000434467967,
0.000174344043,
-0.000183122016,
-0.000503430550,
-0.000653251102,
-0.000554622173,
-0.000222244742,
0.000233067675,
0.000639648680,
0.000828506419,
0.000702083771,
0.000280781989,
-0.000293861625,
-0.000804838275,
-0.001040298346,
-0.000879709550,
-0.000351079605,
0.000366662551,
0.001002130361,
0.001292625943,
0.001090846321,
0.000434461506,
-0.000452843091,
-0.001235255035,
-0.001590280430,
-0.001339526658,
-0.000532531976,
0.000554076074,
0.001508784155,
0.001939167836,
0.001630749848,
0.000647291250,
-0.000672459097,
-0.001828483130,
-0.002346778419,
-0.001970892203,
-0.000781304995,
0.000810697965,
0.002201831233,
0.002822884130,
0.002368319609,
0.000937958572,
-0.000972383317,
-0.002638810403,
-0.003380601855,
-0.002834326699,
-0.001121849217,
0.001162419931,
0.003153137282,
0.004038065128,
0.003384623667,
0.001339411325,
-0.001387716273,
-0.003764257274,
-0.004821151335,
-0.004041781819,
-0.001599953740,
0.001658338546,
0.004500712599,
0.005768132153,
0.004839445227,
0.001917464619,
-0.001989540315,
-0.005406132121,
-0.006938040625,
-0.005830000663,
-0.002313940103,
0.002405555467,
0.006550580691,
0.008426755571,
0.007099546811,
0.002825984858,
-0.002947245975,
-0.008053848215,
-0.010400623342,
-0.008799801662,
-0.003519174594,
0.003689110640,
0.010138459242,
0.013174894932,
0.011224519892,
0.004523431979,
-0.004782455806,
-0.013268628885,
-0.017426606404,
-0.015024833092,
-0.006136864633,
0.006587876670,
0.018597986360,
0.024918340553,
0.021986318616,
0.009226270956,
-0.010226086949,
-0.029997458606,
-0.042116977367,
-0.039392485206,
-0.017812198123,
0.021800915284,
0.073464907593,
0.127237264721,
0.171657718574,
0.196757187175,
0.196757187175,
0.171657718574,
0.127237264721,
0.073464907593,
0.021800915284,
-0.017812198123,
-0.039392485206,
-0.042116977367,
-0.029997458606,
-0.010226086949,
0.009226270956,
0.021986318616,
0.024918340553,
0.018597986360,
0.006587876670,
-0.006136864633,
-0.015024833092,
-0.017426606404,
-0.013268628885,
-0.004782455806,
0.004523431979,
0.011224519892,
0.013174894932,
0.010138459242,
0.003689110640,
-0.003519174594,
-0.008799801662,
-0.010400623342,
-0.008053848215,
-0.002947245975,
0.002825984858,
0.007099546811,
0.008426755571,
0.006550580691,
0.002405555467,
-0.002313940103,
-0.005830000663,
-0.006938040625,
-0.005406132121,
-0.001989540315,
0.001917464619,
0.004839445227,
0.005768132153,
0.004500712599,
0.001658338546,
-0.001599953740,
-0.004041781819,
-0.004821151335,
-0.003764257274,
-0.001387716273,
0.001339411325,
0.003384623667,
0.004038065128,
0.003153137282,
0.001162419931,
-0.001121849217,
-0.002834326699,
-0.003380601855,
-0.002638810403,
-0.000972383317,
0.000937958572,
0.002368319609,
0.002822884130,
0.002201831233,
0.000810697965,
-0.000781304995,
-0.001970892203,
-0.002346778419,
-0.001828483130,
-0.000672459097,
0.000647291250,
0.001630749848,
0.001939167836,
0.001508784155,
0.000554076074,
-0.000532531976,
-0.001339526658,
-0.001590280430,
-0.001235255035,
-0.000452843091,
0.000434461506,
0.001090846321,
0.001292625943,
0.001002130361,
0.000366662551,
-0.000351079605,
-0.000879709550,
-0.001040298346,
-0.000804838275,
-0.000293861625,
0.000280781989,
0.000702083771,
0.000828506419,
0.000639648680,
0.000233067675,
-0.000222244742,
-0.000554622173,
-0.000653251102,
-0.000503430550,
-0.000183122016,
0.000174344043,
0.000434467967,
0.000511100020,
0.000393481867,
0.000143019331,
-0.000136099631,
-0.000339116227,
-0.000399028031,
-0.000307409134,
-0.000111864668,
0.000106634624,
0.000266315574,
0.000314303634,
0.000243041467,
0.000088842774,
-0.000085146849,
-0.000213998025,
-0.000254407933,
-0.000198369343,
-0.000073196233,
0.000070888434,
0.000180229112,
0.000216977107,
0.000171501197,
0.000064210023,
-0.000063151419,
-0.000163172839,
-0.000199762152
